mean_amplitude,mean_noise_thermal,mean_tau,ratio_mulitplicative_thermal,std_ampl,std_noise_thermal,std_tau,true_mean_noise_t
1.2578718694553348,0.18053823166407668,1.332527652213636,0.1,0.25322741275372285,0.010457378265469688,0.2707012364986296,0.18181818181818182
1.2665212030712671,0.15791438330618215,1.2208272908439504,0.2,0.22598242859511813,0.013677579021775951,0.24790806011609767,0.16666666666666669
0.9835245957180999,0.1511878691204423,1.01057010305459,0.3,0.18230384948847966,0.012424359544553797,0.2110085049390097,0.15384615384615385
1.0517097138756328,0.11483395304537827,1.0126294252579915,0.4,0.20007156647621063,0.01446378692541124,0.20863247621975345,0.14285714285714288
0.9125534131862391,0.10971556518198623,0.8650741307075679,0.5,0.16659523945896784,0.015792635755860176,0.1830366117082838,0.13333333333333333
1.0650121873485188,0.12680014929679953,1.2144223118563375,0.6,0.21420855789744306,0.010509280355735437,0.2544701521839438,0.125
1.2004710232551523,0.09280427458330144,1.131899251870819,0.7,0.22556031286940426,0.014363225339233524,0.22981122952854527,0.11764705882352942
1.0118785595415698,0.08196617542869683,0.8787190033896956,0.8,0.17326460493145648,0.014523544391876092,0.16311896887153826,0.11111111111111112
0.8882775319518398,0.11709478442797966,1.0210056515157464,0.9,0.17077900694784737,0.008887418717980962,0.20795674865827832,0.10526315789473685
1.1616126180919324,0.12214576718584375,1.2706593747730048,1.0,0.2161622698789158,0.007875163240096121,0.24972839899279586,0.1
0.980771599781526,0.10620420373145181,1.0513537144682061,1.1,0.19234457244306047,0.011260833192046916,0.22410746846963858,0.09523809523809523
1.0636581495293624,0.37145504491650244,1.1686022221678505,1.2,0.19943468353168456,0.010118529409363707,0.23566569819201885,0.09090909090909091
1.103512641275896,0.23507818603466338,1.5021151793353114,1.3,0.19503426278789415,0.005931798530762286,0.2652003275292515,0.08695652173913045
1.1351336468587518,0.09737301419523929,1.0659007044277866,1.4,0.202205830846932,0.006692798388363478,0.20738331797769632,0.08333333333333334
0.881400221450275,0.25248639818268254,1.083947088357962,1.5,0.17794579508599342,0.008821059503419222,0.2377777283852315,0.08
1.1791708638232534,0.20537770035508424,1.4598258698793358,1.6,0.2058826926287513,0.005305726925631436,0.2562118421460318,0.07692307692307693
0.9169179938200336,0.2787584318749065,0.8188515181373647,1.7,0.16401755270286203,0.00999269990374348,0.16079248819214836,0.07407407407407407
0.7234491360460136,0.2898657674304266,0.8378362329208447,1.8,0.1266602244001645,0.00770276572388062,0.16020038944194392,0.07142857142857144
0.7568739772619857,0.35042322147581445,0.5434633524544371,1.9,0.10793298439567806,0.010672185620264216,0.08732771256960183,0.06896551724137931
0.6430674193392769,0.3710105240236864,0.5207016988489281,2.0,0.08964726716134405,0.011702525520555741,0.08193258616312882,0.06666666666666667
0.9476431980408783,0.36879562371921504,0.502882074686051,2.1,0.1278192508352533,0.010581238434621335,0.07526248758105213,0.06451612903225806
0.7187516161215302,0.35774176253489937,0.43751155614542053,2.2,0.09739959075936896,0.010316671744359428,0.06831156645695192,0.0625
0.7322072069815847,0.34964118756010165,0.4904577043479382,2.3,0.10628197421000665,0.013043033434888792,0.07723431342594218,0.060606060606060615
0.6768307534450769,0.3747242986446155,0.376754828369935,2.4,0.09079895334149264,0.011031419678648041,0.05251070338674806,0.05882352941176471
0.5720534725572809,0.30077593345561204,0.4369088317580792,2.5,0.07092387992990748,0.008110293461533592,0.06248538608844212,0.05714285714285715
0.51731667263387,0.33754774784998864,0.35721608939125915,2.6,0.06451073086929675,0.009591084374133639,0.0505137044262135,0.05555555555555556
0.5822299720769558,0.4081425627237362,0.3440378575196272,2.7,0.07867405577214848,0.014522235655508932,0.051167391823934476,0.05405405405405406
0.4354363987666576,0.3293475097064017,0.26668129821687653,2.8,0.054237023301040396,0.00988811896437789,0.03808924112672942,0.052631578947368425
0.38070467687141424,0.4272068829813733,0.1898353405777455,2.9,0.05109475733981572,0.017952686948690334,0.024585428197460405,0.05128205128205129
0.4044768134793814,0.4000009413586483,0.25620392257422936,3.0,0.055008857941011305,0.013845476603745663,0.03611148026094579,0.05
0.33879901446972577,0.37494603646449287,0.17266251433444987,3.1,0.04498384766835033,0.015505581905416937,0.02139822829217677,0.04878048780487806
0.33077052037625665,0.4160037643101139,0.2093868773832749,3.2,0.04534705992335973,0.01447036292419262,0.028610350995507385,0.047619047619047616
0.35639536413577444,0.37412365346091964,0.20604774958134423,3.3,0.05544957489454266,0.015167154810049956,0.02890143178209021,0.04651162790697675
0.1705489486515386,0.3301160400351597,0.34289833709739137,3.4,0.027058889183935547,0.01182061037340906,0.053346091021673966,0.045454545454545456
0.29150631994915877,0.4417223675546307,0.16578558039981894,3.5,0.048324363548366424,0.01953474842714613,0.024473650940528804,0.044444444444444446
0.2755941625464282,0.4919283021769702,0.1046149740358951,3.6,0.029916134179305297,0.007186319197359427,0.004345035512662404,0.04347826086956522
0.16620032743751978,0.452292971559774,0.11375705026227546,3.7,0.04138970165634383,0.024297752076556444,0.011194221261064579,0.0425531914893617
0.18731411159707254,0.3890512830113757,0.11610590706548553,3.8,0.032393548652206186,0.01752622399196796,0.011990162486128829,0.04166666666666667
0.1620389819538582,0.45456845287777675,0.10908949684298178,3.9,0.038274737911868834,0.02560586898949448,0.008474362633620825,0.04081632653061224
0.14923719251601897,0.4863778231901327,0.10392541468530261,4.0,0.025828087405924263,0.013577424507372877,0.0037573594565793434,0.04
0.11834912060181585,0.459398253345386,0.11549723883261036,4.1,0.02522794959461217,0.02313935461591375,0.013478087765499325,0.03921568627450981
0.11787929427647612,0.41098380764692644,0.11009754075904922,4.2,0.01995165166991045,0.017752985914186354,0.00832814770859229,0.038461538461538464
0.12998772168321784,0.42213800047094757,0.1554625190120284,4.3,0.039743218352933235,0.02874857641950508,0.0386514483679522,0.03773584905660378
0.10071904704539558,0.4238405984163749,0.11588550825973679,4.4,0.02876734991528628,0.02861728210775182,0.012855089147734443,0.037037037037037035
0.17342841111674465,0.43550781824196455,0.10495665883591523,4.5,0.05352896284087479,0.03130355024324336,0.004742449621373374,0.03636363636363637
0.148085458705533,0.48653694827771216,0.10296116338593554,4.6,0.017407644260193204,0.01037275836415123,0.002989766046286148,0.03571428571428572
0.10937333917440857,0.47936517192962175,0.10430966922464634,4.7,0.01944964275176757,0.01557956036025724,0.004285906862575513,0.03508771929824561
0.14355075443658327,0.47928201430472706,0.10279079216378689,4.8,0.022933098856568603,0.014909343264789205,0.002882139680343259,0.034482758620689655
0.15909538020862363,0.415606150018554,0.10235892920717733,4.9,0.028932226878618864,0.017811688089718097,0.0025136945549129146,0.03389830508474576
0.10757543657861074,0.4841551762447426,0.10315226791925033,5.0,0.017001799238795617,0.013325765656740525,0.0029892550213989643,0.03333333333333333
