mean_amplitude,mean_noise_thermal,mean_tau,ratio_mulitplicative_thermal,std_ampl,std_noise_thermal,std_tau,true_mean_noise_t
0.987120582401651,0.19763685295681083,1.030112055405664,0.1,0.09168683374298701,0.043975464510593025,0.13905797671249676,0.18181818181818182
1.06768389888407,0.1865023562094493,1.1753417099455175,0.2,0.09667501406523892,0.028636675782551912,0.12930307217989007,0.16666666666666669
1.0904694363839869,0.13901951655647074,1.2054884504395351,0.3,0.10122193972423989,0.02548796969714875,0.13588748108240095,0.15384615384615385
0.9073701496405947,0.13987505427554472,0.9503617598305447,0.4,0.07547928042860651,0.04721101113221566,0.12179246144570005,0.14285714285714288
0.9545757977280845,0.15992413406391406,1.0584634851508532,0.5,0.08221842997713556,0.027035673194970952,0.11451015987470786,0.13333333333333333
1.079241909475453,0.08288917622061381,1.0118573586429394,0.6,0.09081581004981419,0.020228404439008828,0.09500944603753894,0.125
1.0467048626223576,0.08070849328630222,0.9449949353447927,0.7,0.09378857983204403,0.031641889924814696,0.09824044933680968,0.11764705882352942
1.1182050084604813,0.05414999133899104,0.9680912854645123,0.8,0.09376946137356329,0.02090117456978931,0.09145935422947227,0.11111111111111112
0.9733103990095635,0.10367474988770885,0.9018778543312447,0.9,0.07741336797793157,0.017855272057977198,0.08662933648468679,0.10526315789473685
0.9035629239018016,0.10564302331468918,0.8869906864012354,1.0,0.07291242259521778,0.023503621142821715,0.08785264673355286,0.1
0.8798389986067351,0.09923588155997351,0.8164496417885638,1.1,0.06928116152258237,0.015906969228127125,0.07282031904707115,0.09523809523809523
0.9373598823086468,0.2548296303463658,1.3720324933950814,1.2,0.09939586130296883,0.00962373452771039,0.16240734692151929,0.09090909090909091
0.8526629491466384,0.312671135777839,1.3806020116477706,1.3,0.08932694850461165,0.010431423805583515,0.16399674303358594,0.08695652173913045
0.8629080472508103,0.3032143350472934,1.2762731041707478,1.4,0.08767699433233726,0.014385498287575129,0.14836279972813626,0.08333333333333334
0.8881381749450316,0.21324202451378718,1.175422348526884,1.5,0.08691681313667723,0.008951856579359568,0.13588087852310352,0.08
0.846459011899833,0.33482079685557575,1.3378255383341404,1.6,0.08851833632968238,0.011132363629590438,0.1626275382524454,0.07692307692307693
0.678776712459112,0.34712677357894556,1.2912122353001143,1.7,0.07250075882077858,0.010319791519281269,0.16620673920604148,0.07407407407407407
0.7792617825129268,0.36091608949853954,1.3627098019869064,1.8,0.08835426079572882,0.010932633571024463,0.1800638775529061,0.07142857142857144
0.535395029190884,0.3813625345814502,1.0335814256431999,1.9,0.06096944116700315,0.018561367204957886,0.11834514103810345,0.06896551724137931
0.5927900128342509,0.42492027091145074,1.0901794780634888,2.0,0.07187520860802357,0.01683929520756591,0.15304280884166388,0.06666666666666667
0.6101101269677438,0.38271693213878394,1.1030865918541433,2.1,0.07527793980469621,0.014498867841226991,0.1352563533712535,0.06451612903225806
0.414166374472102,0.3989069298277084,0.8531885271250792,2.2,0.048789230732158746,0.013796971828329408,0.10226795750781442,0.0625
0.5255940492284433,0.36882993208275494,0.7891672065372076,2.3,0.060019988379791604,0.014081313115970722,0.08982925365907694,0.060606060606060615
0.5972631751322902,0.3903682398733376,0.8454506561005846,2.4,0.0677749940103531,0.01512704367782991,0.10387776991928017,0.05882352941176471
0.43139324973685866,0.39170090964888543,1.005453122725225,2.5,0.05381898710930843,0.013710665180350952,0.1329582383121912,0.05714285714285715
0.3897032615465275,0.4036998658248346,0.8144999680253546,2.6,0.0493260230743551,0.016026764329110557,0.10169855190381845,0.05555555555555556
0.3689063154813572,0.42564121733596244,0.7635115044687149,2.7,0.05161584925947394,0.017701992134680045,0.09481475064732683,0.05405405405405406
0.49769688369654397,0.4489917643238889,0.7201441753310407,2.8,0.06720416935666705,0.017736574933332867,0.09207911899175021,0.052631578947368425
0.2810760180921676,0.44091304330894804,0.6433114319442116,2.9,0.049123771077922755,0.01990417090701256,0.08924404027058298,0.05128205128205129
0.3284442290197707,0.4428849526676148,0.5448659088990796,3.0,0.04994853490005273,0.019755375558409463,0.0678785871765254,0.05
0.28262720465150803,0.42829763177601476,0.6860673121683646,3.1,0.0463137039823175,0.019855589058179933,0.09712454815374622,0.04878048780487806
0.24529919515223805,0.4285811126782836,0.4811758402695579,3.2,0.042409106603947234,0.020579910577776497,0.07436934050258864,0.047619047619047616
0.2614842595434852,0.4553875996483413,0.5516719619312666,3.3,0.05163130325513849,0.02156164153290984,0.08864924230145721,0.04651162790697675
0.2557733208522904,0.4105410962909119,0.4766912457118054,3.4,0.04741434630450842,0.022119194281754156,0.06398335219030217,0.045454545454545456
0.21281881035743905,0.42363188990868256,0.47869392880201794,3.5,0.0482526338153041,0.02608494949923719,0.07557672394099416,0.044444444444444446
0.18765552155771908,0.45852900122927936,0.3334034756702676,3.6,0.04222100376185721,0.0239082802739265,0.05278262326159643,0.04347826086956522
0.13805110712568497,0.47611098547412856,0.3494135590057233,3.7,0.0237982613718449,0.016747612804156067,0.0841081552868144,0.0425531914893617
0.17334569339427378,0.437666491215758,0.4691762910158616,3.8,0.030501143227999204,0.01884548818723182,0.09520507668685109,0.04166666666666667
0.15730384032161762,0.4253540380132883,0.41214021470782397,3.9,0.027018493855989693,0.018067115405506855,0.06872706289692357,0.04081632653061224
0.12859816930665113,0.4740354232221888,0.22672935656846283,4.0,0.02316231879714646,0.018788742108565556,0.06139311607881114,0.04
0.12029363184629888,0.4429334438617947,0.30968784587344356,4.1,0.021800763575249703,0.01902618236751817,0.04809191169655829,0.03921568627450981
0.15621900246524098,0.41547699612800504,0.42647245925245614,4.2,0.03655134529043123,0.023332463286009884,0.06531209422549475,0.038461538461538464
0.08984241155433637,0.4795899026259237,0.28555565679824485,4.3,0.015554313745053871,0.015040121574604897,0.08137859973574364,0.03773584905660378
0.07422853623416267,0.47665831518059126,0.20913493208827819,4.4,0.013341259428660988,0.01575379084896235,0.04488961666142016,0.037037037037037035
0.08111764899083782,0.4846054410118817,0.1320449721948849,4.5,0.013782495325540189,0.013210255957782637,0.022634581708750105,0.03636363636363637
0.09187113830373707,0.48582537427969763,0.12861968154144482,4.6,0.014666544335990364,0.011638386922808327,0.021696199399660478,0.03571428571428572
0.06722014831790439,0.4916887385952509,0.15009957813001723,4.7,0.00822515009063591,0.007580992172165056,0.026667072885182667,0.03508771929824561
0.07076928176176228,0.4888510057255895,0.10831509146087051,4.8,0.008446814703471557,0.00898146447876119,0.008247580358403724,0.034482758620689655
0.08505575118440485,0.47609816425524015,0.14623436356934963,4.9,0.016137081003340558,0.01704280289976077,0.03081768872063423,0.03389830508474576
0.07988653795411442,0.4812644457682058,0.1258504912815523,5.0,0.01254911510631085,0.013907344769583349,0.019373839990930012,0.03333333333333333
