mean_amplitude,mean_noise_thermal,mean_tau,ratio_mulitplicative_thermal,std_ampl,std_noise_thermal,std_tau,true_mean_noise_t
1.003695697664146,0.12600092501278906,0.9522475797494373,0.1,0.05226243918731004,0.031521474613604904,0.06523160055546008,0.18181818181818182
1.0738522575877083,0.07805351111931494,1.0076793277091654,0.2,0.05765294059034237,0.01668507279003171,0.06900887781122969,0.16666666666666669
0.9008081209982701,0.3395794834079635,1.223069695239196,0.3,0.06241784036180996,0.02961793732396085,0.1131669189274769,0.15384615384615385
0.9959249901580092,0.29919504006841924,1.3398184304094327,0.4,0.0701500249475373,0.04443940251333609,0.13630045182274478,0.14285714285714288
1.0642242960042725,0.14648126264678657,1.1900100394960982,0.5,0.06563920868160547,0.0348989470074805,0.09137418576727235,0.13333333333333333
0.9203259723090927,0.21044148365878054,0.9686258097918488,0.6,0.047244884581047475,0.03775229254032378,0.08779015756835261,0.125
1.054706849346303,0.08092934947292643,0.9932228384397365,0.7,0.06122785153243042,0.022393619851586586,0.07114522776624876,0.11764705882352942
1.0253412172510383,0.09123764137228457,1.024835106643873,0.8,0.05667945008295282,0.019585095600251044,0.07084295929157275,0.11111111111111112
0.9105622225559364,0.14462848921800078,1.0060731105213556,0.9,0.05831973240831816,0.05116126956733158,0.09231952305610436,0.10526315789473685
0.937133893417046,0.13228086395165967,1.0033645741757706,1.0,0.05259233558633553,0.03234999446519824,0.07937216785467652,0.1
1.0351787164949717,0.08261186633477934,1.054757341491891,1.1,0.05821309710134839,0.029109092357821078,0.07705100282967013,0.09523809523809523
0.9581428864625868,0.12341802770315705,1.0219725401928434,1.2,0.05588434805223658,0.02494907006441215,0.07908558814830609,0.09090909090909091
0.7654129378380844,0.3671923005630479,1.4616548413527901,1.3,0.06305103541402308,0.017215810288994278,0.1498703631199232,0.08695652173913045
0.7267800580115676,0.39879896961757094,1.6663483819299088,1.4,0.06258359683725055,0.018631362255290353,0.1594415206807923,0.08333333333333334
0.6598839245545776,0.42194167923974674,1.7258836607913224,1.5,0.06610622932936877,0.018948643008501388,0.1512083274271639,0.08
0.6534675216982202,0.3655321713028684,1.5189377136452429,1.6,0.06299214399192475,0.018582603883168958,0.16240478363168595,0.07692307692307693
0.6243697189135944,0.41937512377008923,1.7775131609531318,1.7,0.06854315379229471,0.023041091891948987,0.14251654472344222,0.07407407407407407
0.581629721352082,0.38860964906596185,1.5418928301520782,1.8,0.060863776822530746,0.017023589969204906,0.15891710687145094,0.07142857142857144
0.5291292482149446,0.41527682221506323,1.5451506658613374,1.9,0.05946207725723249,0.01795739068850498,0.16468948356694357,0.06896551724137931
0.5203209289212611,0.43958004246413324,1.5389999041169562,2.0,0.0670201790144902,0.02175785228561375,0.18062529608196673,0.06666666666666667
0.3923712155144,0.45826140882169064,1.5357010718219515,2.1,0.046216211234800554,0.017293293146135993,0.19837336874628003,0.06451612903225806
0.47336476328066135,0.43208089708287134,1.6951246026721136,2.2,0.058073929766621804,0.017916552247593084,0.16703115986917827,0.0625
0.47978065197550235,0.40446303251472004,1.5990083732776796,2.3,0.059640951175113505,0.019373295497966025,0.1839178383868276,0.060606060606060615
0.3093908957472995,0.48634117416052375,1.5012886965860763,2.4,0.04094508957142921,0.011024494388229871,0.21278354534573604,0.05882352941176471
0.3052695161928953,0.47213196936682417,1.3780711347217038,2.5,0.0459458374776843,0.019018101778863854,0.180135536064666,0.05714285714285715
0.36006333082233666,0.48183943328592443,1.2340652370471106,2.6,0.0509666054317532,0.015238628220214842,0.16786805399508603,0.05555555555555556
0.23967645058877,0.463435521836434,1.5069966647285287,2.7,0.04510792492602437,0.02258722899125466,0.21681386306793976,0.05405405405405406
0.3362274059105527,0.4408861599624539,1.4368489621282023,2.8,0.053927852134499486,0.02233779779292355,0.19556500871019855,0.052631578947368425
0.2982815869487994,0.45495627172530506,1.7819455561824207,2.9,0.05337031918322524,0.022028046549126143,0.1439860069748111,0.05128205128205129
0.2494208227554928,0.4556209646767209,0.9665332485608988,3.0,0.049503015020706,0.02430681121558316,0.15012430186749465,0.05
0.16926995106550083,0.4941641417342737,1.2059910851117057,3.1,0.019442437219328923,0.005690798868612018,0.24579090426307554,0.04878048780487806
0.1468147517818956,0.4867653550717387,1.3187641284085712,3.2,0.02216165778087131,0.010909257921691609,0.22868194092457417,0.047619047619047616
0.1797256417774229,0.4867219410045392,0.8603101109466263,3.3,0.023782204312710005,0.01151879037588226,0.2334624232291317,0.04651162790697675
0.12954456799546488,0.4827929202374787,0.5844150570575904,3.4,0.02273453811486267,0.01520654141193545,0.169764433129633,0.045454545454545456
0.12323346962528907,0.4893589415700012,0.7338438934926681,3.5,0.016679905001659265,0.008869039900393914,0.14274796031261525,0.044444444444444446
0.13949329912064973,0.4880940737449884,0.5098285951050834,3.6,0.018961142283482488,0.010113599202921835,0.18739803753234394,0.04347826086956522
0.08388358291739767,0.49233290129320467,0.7976180285104658,3.7,0.01116364802109335,0.0070978335664926085,0.16188002978815244,0.0425531914893617
0.11808405840931077,0.49444687624501915,0.22100788370207783,3.8,0.012966648156740566,0.005424425614736737,0.07636087495131409,0.04166666666666667
0.10799879695735713,0.4895576040068959,0.2351672554635872,3.9,0.015327671513410605,0.009512718598829614,0.08355613988718132,0.04081632653061224
0.12754801830011903,0.49242032928620516,0.28016847145200674,4.0,0.014508640250518021,0.006476080401685577,0.07716780857551359,0.04
0.09749369696396747,0.492631088277378,0.2287385026395962,4.1,0.011199633967100962,0.006851196120056753,0.07871100832917,0.03921568627450981
0.09780135266116712,0.4895193354581628,0.7854537748633241,4.2,0.013235361023417921,0.00946493623274494,0.14052458156317477,0.038461538461538464
0.07448824370949013,0.48958935264117165,0.2238881942994176,4.3,0.011641057973564784,0.009146292495501307,0.09232776354114741,0.03773584905660378
0.09516773090370662,0.49024842811909924,0.18000006568882346,4.4,0.011909628451494791,0.008994251188400335,0.06410022194833279,0.037037037037037035
0.07657454454775948,0.4904510537431126,0.2323642511846022,4.5,0.010070102324122712,0.008427460265683995,0.07538394268489355,0.03636363636363637
0.06430303219230087,0.4868616967045199,0.16057010643042527,4.6,0.008126999629384686,0.010259155416247496,0.04956516144487853,0.03571428571428572
0.08227605143235746,0.48396639863624297,0.29205292434811747,4.7,0.012961625257927004,0.01308526141077458,0.10562709080764018,0.03508771929824561
0.0822125119202279,0.48352604103307945,0.4853189541724492,4.8,0.013425535460878317,0.013219389148511012,0.1091246031325852,0.034482758620689655
0.06281011771960447,0.48336114625571786,0.30306946694699255,4.9,0.010708166367909711,0.013982391368256944,0.09212287006119986,0.03389830508474576
0.06939099802885791,0.4864324195783718,0.17000408583165577,5.0,0.010050110039063361,0.01137691352146118,0.0498330624198573,0.03333333333333333
0.07159466776531923,0.4795172178727661,0.31609656533316627,5.1,0.011594125138606245,0.014783723237054057,0.13279989231740374,0.03278688524590164
0.07063451284869088,0.48779998475565367,0.1626726931413499,5.2,0.010598106110132679,0.011010753333139622,0.049477979747067205,0.03225806451612903
0.05323569114037676,0.47006344997555044,0.2751541993340924,5.3,0.011841073393820036,0.019833656796376383,0.09646046036741086,0.03174603174603175
0.058819661725130375,0.4755804034161424,0.19532768139113615,5.4,0.010695899052324714,0.015963236573376727,0.08111239885170822,0.03125
0.06191638268582719,0.47875640505786476,0.17073383971899173,5.5,0.011148703056941558,0.01557036307831337,0.055447346053514056,0.03076923076923077
0.072230260475525,0.4823071129494529,0.15651782764820593,5.6,0.011137776491779276,0.013174205366268805,0.03975294929540181,0.030303030303030307
0.06866092272687957,0.44547198039280705,0.2985927031163871,5.7,0.0186829110271103,0.022924101070191102,0.08227488580474528,0.029850746268656716
0.050551640949170924,0.4528477489954161,0.296222868622794,5.8,0.013738712627118352,0.024940270696357063,0.07567237931931753,0.029411764705882356
0.044058655218050344,0.4803862318474414,0.17497262850316428,5.9,0.00710725089682437,0.014747305426714463,0.0558522473643216,0.028985507246376812
0.05327397340024723,0.4804721707630805,0.2565201033193559,6.0,0.009298810435149575,0.014747276315707835,0.071982246661632,0.028571428571428574
0.05449299209656805,0.48514824432436965,0.16011275717207007,6.1,0.007147045847482744,0.011301796892869996,0.04425416779599112,0.028169014084507046
0.0616335291394003,0.46785562988442175,0.1385452839979463,6.2,0.0161122746926446,0.023233198131539668,0.03180463435570715,0.02777777777777778
0.05296518372381061,0.4867142786818793,0.1443321121700396,6.3,0.008796491356508554,0.012613563006211009,0.033651320752716075,0.027397260273972605
0.05064891183472535,0.4624307838977786,0.2535018418052658,6.4,0.015563169199304363,0.02684918073458232,0.07416182985263814,0.02702702702702703
0.05885113519797434,0.4758137293502102,0.2819003502508708,6.5,0.011120468905321033,0.01728974014554968,0.07365252740723761,0.02666666666666667
0.050143626140545315,0.4650144290671362,0.1437640491496113,6.6,0.011180801967569577,0.021255055818243704,0.034658239856589466,0.026315789473684213
0.04963641505701493,0.4706450277324496,0.16882904670715843,6.7,0.014874838567313009,0.023393220603189317,0.05817684866392443,0.025974025974025976
0.0589398603055789,0.44348400449625236,0.17834145763647005,6.8,0.021093041730407838,0.030242264571451193,0.053370031730813755,0.025641025641025644
0.05596917759569203,0.46476323253443086,0.22660830627628503,6.9,0.01218086884184846,0.021218115512851635,0.07152393240158869,0.02531645569620253
0.06147027552559336,0.45806352101414693,0.18797560313956416,7.0,0.016121487535256863,0.024350434562566,0.06160251266416592,0.025
0.05275348865713436,0.46270605866625103,0.22480139195049903,7.1,0.0146250215851151,0.025655287825987992,0.06792063582928329,0.02469135802469136
0.05186058925069104,0.45682125556782677,0.19761274849965615,7.2,0.012519675255865894,0.023350873801593515,0.06376065643107268,0.02439024390243903
0.04082533365823624,0.47436502192974284,0.16886446226827753,7.3,0.007986582115677215,0.018140945293432142,0.047075228091282936,0.024096385542168672
0.03838442971255159,0.4798954039036079,0.22634845946575582,7.4,0.006515468932838673,0.014745969477007896,0.07402256465333952,0.023809523809523808
0.05775973880646084,0.4384137566571562,0.14876093450342187,7.5,0.015074647262647805,0.027792077746980996,0.03902576094034724,0.023529411764705882
0.041661847557113905,0.46772944705855096,0.17344894588049078,7.6,0.008786178306700946,0.020775944867571658,0.048936836322971314,0.023255813953488375
0.046105454359192714,0.4686345453136188,0.21085316187826272,7.7,0.009079925960932456,0.01904199016453934,0.05911996243422011,0.02298850574712644
0.04246439265325618,0.4570172767292815,0.22380526346449248,7.8,0.009712966899112638,0.022727805392146614,0.08264350507421318,0.022727272727272728
0.03555987664969554,0.4699786273811825,0.18530236719331566,7.9,0.0072871932331041315,0.02001680572182385,0.058003355603683665,0.02247191011235955
0.0520334032219604,0.44368397690467065,0.17628281196258272,8.0,0.014092511352237672,0.026688869313218396,0.05439652332867944,0.022222222222222223
0.041024785765544566,0.47807585359792365,0.25424296851613326,8.1,0.00828533470989084,0.01884137927140571,0.06428158933149958,0.02197802197802198
0.05979918546929906,0.42726555595176396,0.15169812350333317,8.2,0.018085289857835703,0.030999340778237978,0.03899195594138301,0.02173913043478261
0.04972701857802956,0.4711319834460899,0.13659338621240336,8.3,0.009759497063381733,0.01850405242104569,0.028514928187335063,0.02150537634408602
0.03990519367368636,0.44770243238122703,0.21786623708717548,8.4,0.008601301987280744,0.02184790925614509,0.06449904176452304,0.02127659574468085
0.039469860067889065,0.4627177726609214,0.16692362968139268,8.5,0.009169891744060164,0.02158107281968097,0.04544919128405567,0.021052631578947368
0.04013818665077954,0.47468035210651227,0.15999759835124594,8.6,0.008053484762347804,0.01928324424602027,0.040926466240234535,0.020833333333333336
0.05028263187279287,0.4486593900169689,0.1349132723855571,8.7,0.014086018089285838,0.026960695909664028,0.028423802473901447,0.02061855670103093
0.04470350162093835,0.4584791147639498,0.15028774178243234,8.8,0.009455597090674075,0.02081925603875681,0.03790445015932867,0.02040816326530612
0.03813520444029173,0.44912620316707036,0.21195000906823255,8.9,0.011517526652480792,0.028279261327796245,0.05838233384284503,0.020202020202020204
0.03062231708508997,0.4817763742421671,0.2247388517879805,9.0,0.006008985037907309,0.016055078252140663,0.06569988739873571,0.02
0.040841932253054956,0.46926594378588277,0.1615200685935779,9.1,0.010951417412014393,0.023345780116983496,0.044108017563364986,0.019801980198019802
0.03419472074398194,0.46577543858182385,0.15370045437727617,9.2,0.009956596108704198,0.025369154422525856,0.040451787280435685,0.019607843137254905
0.04876841298598034,0.4543385237440146,0.22583754093429265,9.3,0.01578586479582196,0.03081682106952596,0.06844605315870302,0.019417475728155338
0.03578864319550821,0.47133516350883764,0.15297802641149988,9.4,0.007836934907984617,0.02045529573259782,0.03780800226950632,0.019230769230769232
0.0593597331612745,0.4353318191851519,0.18089658297632494,9.5,0.020374663162462725,0.03416342505493203,0.06158895686223544,0.01904761904761905
0.03629547477915672,0.4540180133626162,0.27946974392642016,9.6,0.008272480175996026,0.02221263885036375,0.05455867452110828,0.01886792452830189
0.039780762017758306,0.4552562583394319,0.1752454038767389,9.7,0.01213495239850479,0.02900108955402808,0.04938577497939667,0.01869158878504673
0.04362622761994269,0.4782058387151912,0.1394865389122719,9.8,0.009367736988473888,0.018606451800139034,0.032849460064925916,0.018518518518518517
0.03735824035644321,0.44671778603167683,0.20066569956078217,9.9,0.009297659286850883,0.02615837928794164,0.06068731502660597,0.01834862385321101
0.04006374744037719,0.46733458474379663,0.14799857032964142,10.0,0.0101832851883993,0.023291993973111564,0.03667129096663985,0.018181818181818184
