mean_amplitude,mean_noise_thermal,mean_tau,ratio_mulitplicative_thermal,std_ampl,std_noise_thermal,std_tau,true_mean_noise_t
0.9185985062877469,0.35525329808823797,0.9775154587034739,0.1,0.06236529644983786,0.046234402903173245,0.08733770028456732,0.18181818181818182
0.8604860650061111,0.3948567404661386,1.1886056761617143,0.2,0.05746317899062601,0.045545518443958134,0.1103775631213903,0.16666666666666669
0.8608347087677316,0.3072328746103432,0.9307918700524398,0.3,0.06528478957759921,0.06741538733899466,0.08846708126560464,0.15384615384615385
0.7975225380931087,0.4208880197849108,1.2322849638285842,0.4,0.05281336644580153,0.04034862281374254,0.12034448127938951,0.14285714285714288
0.7797186353289504,0.4154633910659316,1.1917727606236357,0.5,0.04773965832528422,0.03292537114671123,0.10819946745706907,0.13333333333333333
1.0738373101761363,0.18814400314228918,1.0742149980994642,0.6,0.049576565685647125,0.02583094392882676,0.0806854748510121,0.125
0.9718668734456615,0.1583915192498999,1.1089895031503776,0.7,0.04514720061823783,0.03587064389804271,0.07559126379875859,0.11764705882352942
0.9275136938398609,0.29030917313968313,1.0569771650622,0.8,0.05591675666439062,0.03983600094362523,0.08948981575811146,0.11111111111111112
1.0329148083119286,0.12964455592759278,1.12628080518965,0.9,0.0483001266411929,0.04384648282452383,0.07678369809094575,0.10526315789473685
0.8736606085467742,0.34456561247895007,1.1986485600217391,1.0,0.05873407996166257,0.0384978376136693,0.11664161250898976,0.1
0.9517219774502027,0.17667286907081994,1.1149381967101015,1.1,0.0503390646183522,0.035836117153930896,0.08152176971264108,0.09523809523809523
0.6338843055392288,0.47843779670671643,1.63721145261663,1.2,0.0579803942039618,0.019599115535923122,0.16500972011173315,0.09090909090909091
0.5414652444325201,0.48606664335334576,1.664127747603343,1.3,0.04401581101313952,0.011163961929678284,0.15397597225227924,0.08695652173913045
0.5665407794573787,0.488576951624218,1.7533788883521917,1.4,0.04556490836064871,0.009688846351395315,0.14920551543945235,0.08333333333333334
0.48897418668643994,0.48841058501048407,1.778579673287552,1.5,0.04116639626397638,0.009469700873568939,0.13928611817770695,0.08
0.5828318718037828,0.4526564949996913,1.8432224680388196,1.6,0.0590331252860534,0.022154181163328745,0.11420311299103465,0.07692307692307693
0.5324337772738563,0.4594492687813161,1.8789025973034765,1.7,0.06478609067350655,0.022981318126174897,0.09888265574216466,0.07407407407407407
0.3774131020377563,0.4813869660439071,1.7882192251176348,1.8,0.04273598455684509,0.01570821369952096,0.1448538570282708,0.07142857142857144
0.4324381921688914,0.491572069693016,1.7603131674193435,1.9,0.04260028253473907,0.0081061157051657,0.15695503954746562,0.06896551724137931
0.3487186752362383,0.4949685334079176,1.804501388461234,2.0,0.03179388272131022,0.004716040103342939,0.14045764466592908,0.06666666666666667
0.35206008750626394,0.49636228055285175,1.5917236184922474,2.1,0.03167659326189442,0.003570902849275625,0.21124370670427497,0.06451612903225806
0.38017348906144377,0.4962335557061967,1.8032046094448593,2.2,0.03814146872648941,0.0036802892446282584,0.14038659042383567,0.0625
0.27646288321037477,0.4939616060397632,1.6766507803551867,2.3,0.027046326120282228,0.005342515897970596,0.2088765703525835,0.060606060606060615
0.23777224179789408,0.49586041284851784,1.0601946561016664,2.4,0.021185014484943192,0.0041340732255396,0.20353679030773555,0.05882352941176471
0.2505715937031657,0.4963147770600119,1.523394482495841,2.5,0.025963990805009003,0.0035780998057401278,0.2672425244970512,0.05714285714285715
0.24062265124839205,0.49264169784561723,1.628433077567895,2.6,0.02546597480207394,0.006857654179941496,0.20450443135532212,0.05555555555555556
0.21930900858700342,0.49627480786136635,1.5968680478934423,2.7,0.02224933104602278,0.003455882498236668,0.24056582234620386,0.05405405405405406
0.18581880170968884,0.4928746252370982,1.5378496733198057,2.8,0.02161564173734379,0.005994897713423389,0.22814187424653926,0.052631578947368425
0.21038266306114362,0.4952591734688533,1.2900412577047018,2.9,0.02340567048100774,0.004543843928301434,0.27694964125179694,0.05128205128205129
0.1790838809985767,0.4939268755571713,1.2659570773060256,3.0,0.020803736954490396,0.005754302658827022,0.27391937768571634,0.05
0.15708271252403386,0.4946274299678878,1.0293582941679413,3.1,0.018546343871306208,0.005121622953706555,0.2483164151961559,0.04878048780487806
0.16149923936351007,0.49329197322848256,1.2568002564447984,3.2,0.01752454922834163,0.006097756556162521,0.3173119493360638,0.047619047619047616
0.17804337044440507,0.49517377618384606,1.2629346981757406,3.3,0.019513554966285773,0.004730320892645095,0.39187382011453487,0.04651162790697675
0.13712644262113835,0.49280564191287884,0.8100721503594207,3.4,0.016726460713952156,0.006674944335806799,0.22887700152371304,0.045454545454545456
0.1477364743727369,0.4857938718578041,0.8550090942587659,3.5,0.02163899600143251,0.011554203886994244,0.2901217841008989,0.044444444444444446
0.11882774064458057,0.49295366038160887,0.8614876819070892,3.6,0.013020173063125466,0.00653771164736021,0.26439343727710674,0.04347826086956522
0.11964551538802813,0.49173711555056354,0.6024223602703158,3.7,0.014692651226484634,0.007129684008294674,0.24107243048410218,0.0425531914893617
0.12091415761944574,0.4915699555987574,0.5761790779241898,3.8,0.01421353816381957,0.007438697506471453,0.2313016477865695,0.04166666666666667
0.11756026564249608,0.49368267863502335,0.41660552023651654,3.9,0.01185465529854342,0.005595794458881371,0.19317699056688323,0.04081632653061224
0.0888529286341752,0.49066312281661795,0.4359959181814428,4.0,0.012021313127515997,0.009133869566737179,0.19520932366583077,0.04
0.09967674578997321,0.4891564725425557,1.1645758980128809,4.1,0.012906596156160657,0.008843606249516616,0.287705594261824,0.03921568627450981
0.09555416788589875,0.4921768336199373,0.6298123544658848,4.2,0.011885385803728084,0.0071377058251716,0.2632307390951064,0.038461538461538464
0.07175343288235528,0.49051714391746315,0.35318089037356704,4.3,0.008842047999804061,0.008012645125550954,0.15628908232774644,0.03773584905660378
0.08669932112305283,0.4862193672241341,0.47801824492267236,4.4,0.014353285835469612,0.012641472642481902,0.17599501308214022,0.037037037037037035
0.06343898079505736,0.4860395995411735,0.3340924735654982,4.5,0.01018573555619009,0.012305017884103276,0.1526225676754967,0.03636363636363637
0.07110747368905716,0.48836004009506256,0.8113668491388425,4.6,0.009366024671374292,0.009970990385429843,0.18916057376601508,0.03571428571428572
0.06477442473778158,0.48395889548362286,0.8074749205444943,4.7,0.010224923653351153,0.0122441469551297,0.2512154520487489,0.03508771929824561
0.08035311653796627,0.4845555212419241,0.2862418433222484,4.8,0.011463854693915287,0.012164391441674199,0.12184840846147751,0.034482758620689655
0.08064528736223578,0.48483758120487985,0.3642201748168038,4.9,0.011417402271982782,0.011810267545255534,0.15403371844061414,0.03389830508474576
0.07267927369959229,0.4622181883791412,0.2883647981917321,5.0,0.010945821213471452,0.0168010450747276,0.13115797375062957,0.03333333333333333
0.08268682344278025,0.48673740800373433,0.2698734184946765,5.1,0.012705570770027359,0.011216528221540335,0.11725660073936385,0.03278688524590164
0.08371676727127864,0.4770623461199408,0.3032121410386566,5.2,0.021058244546287252,0.019661984405470234,0.12986454339968434,0.03225806451612903
0.06591700840327816,0.48820759184266843,0.25064355054014537,5.3,0.009259143870760584,0.010276081963280802,0.1046049778279785,0.03174603174603175
0.0644798827906941,0.4818248333200376,0.2474560003184609,5.4,0.009930425030862257,0.013277105324660178,0.10742563467101467,0.03125
0.06306278149381456,0.48655482086167534,0.2583678179380091,5.5,0.008382504473956321,0.01052149086176983,0.11380417278082855,0.03076923076923077
0.06261694928564458,0.45075757701588637,0.3233552024844193,5.6,0.017083216875389766,0.026278398571185427,0.14217509037436063,0.030303030303030307
0.06383020004465992,0.471212582503836,0.2676707306202049,5.7,0.01371334946242062,0.018989170434163684,0.11605172819851906,0.029850746268656716
0.07095663536262709,0.4723707126155068,0.31404408969158387,5.8,0.015229231642121421,0.019859892657622003,0.1447123251071864,0.029411764705882356
0.05575725771256071,0.4733712546961439,0.40766080856741094,5.9,0.017913724961944797,0.025367242874746808,0.15575989302070203,0.028985507246376812
0.05670680290137641,0.45351519459495343,0.36979490801995635,6.0,0.01689689060711268,0.02635006516610853,0.16122733616168058,0.028571428571428574
0.05072538245542038,0.4704077798391865,0.32353379732633447,6.1,0.010485007156447705,0.01860234906603815,0.15651206431817663,0.028169014084507046
0.046584721534138306,0.4674844284582421,0.4080085547022539,6.2,0.011075528238587857,0.021147798308191305,0.16194798203808075,0.02777777777777778
0.04679654841527435,0.4720434091462132,0.3975600003291716,6.3,0.009831683713070997,0.01947737499512088,0.19116575597272073,0.027397260273972605
0.046385737651092177,0.4632070553134668,0.2076387338764743,6.4,0.011633397572976881,0.023457001296088544,0.07877675525646007,0.02702702702702703
0.0615365764186169,0.45270534102460086,0.20454183652533198,6.5,0.016288362514927296,0.025662864737450067,0.0770350566879118,0.02666666666666667
0.0628895372188293,0.46561324230594914,0.30887298933581614,6.6,0.0122813058057892,0.019667842964281017,0.14247806989607936,0.026315789473684213
0.062473378792389705,0.45353342952267317,0.4088180812794958,6.7,0.01654213712431056,0.02481453064116496,0.1552437952586455,0.025974025974025976
0.059743027745299646,0.45365625220680267,0.39819784270939346,6.8,0.017373263788617067,0.026254705660146364,0.16101612637827054,0.025641025641025644
0.07342612734089109,0.43581633555641336,0.2082461073141679,6.9,0.01886515101088853,0.026495717597859035,0.0740583937491466,0.02531645569620253
0.054294108262233846,0.46005081510087587,0.23939615949051873,7.0,0.010198706816704295,0.02012934946052568,0.10159522771062603,0.025
0.044667010561049214,0.4673223658133941,0.6300732873979833,7.1,0.008998174749563397,0.01981700182445339,0.2745201917815057,0.02469135802469136
0.04772105571146924,0.4772657932020033,0.26206869188916404,7.2,0.007359725914224168,0.015387245580444367,0.11494338707913046,0.02439024390243903
0.04469701278665805,0.48127780207467624,0.4647147504903735,7.3,0.008081996824368198,0.014701167756767997,0.1679545226752982,0.024096385542168672
0.03623882882723985,0.48045216630933696,0.2935351154301547,7.4,0.006117903702971256,0.01483378950523279,0.12444348444928621,0.023809523809523808
0.04535156400016727,0.47957748321134214,0.2185018642256822,7.5,0.007260582933418853,0.014110625386795061,0.08595348612940021,0.023529411764705882
0.03816689540407833,0.47100997037278897,0.46846673013146517,7.6,0.008365694714546863,0.020226507580267637,0.19689969155530768,0.023255813953488375
0.032611603784258474,0.4811682432591525,0.2814114028668531,7.7,0.0054567395828325075,0.014396192336037386,0.1268527015932068,0.02298850574712644
0.04744889382434697,0.46267198943634574,0.24344624537948759,7.8,0.010812693073343004,0.02275609391340658,0.10324028828632036,0.022727272727272728
0.042145478343544526,0.477763839995114,0.25498496950222915,7.9,0.009814632035913066,0.02248539487841331,0.11347884484525114,0.02247191011235955
0.040605261069129144,0.4769298863068482,0.37795969673624424,8.0,0.00807256927265692,0.01770317689082964,0.14470459525790974,0.022222222222222223
0.04852333569431451,0.4559412952565808,0.3104329090521616,8.1,0.010503632703058484,0.0219618439905344,0.1379874882436382,0.02197802197802198
0.0430571206351076,0.4558481374878153,0.3591882989599525,8.2,0.009841657241122402,0.023703329100604235,0.134003312306437,0.02173913043478261
0.03981329932341422,0.47156635837619293,0.2918886408361951,8.3,0.006632658555229372,0.01692086613486541,0.11005421889019534,0.02150537634408602
0.04770522248529,0.46496493633398006,0.19201162924435278,8.4,0.009887215933038061,0.020544143715831326,0.0644136036885034,0.02127659574468085
0.04147089106015439,0.4529017145854582,0.30942716831304207,8.5,0.009845673245515354,0.02430744772243536,0.1262209445161333,0.021052631578947368
0.03710791152166968,0.47240541839933364,0.30527917263726767,8.6,0.007542978621928606,0.019628770138871075,0.130219996459918,0.020833333333333336
0.0329465108881397,0.48072109334985325,0.4749588032080235,8.7,0.005414153085565093,0.015558160048798397,0.1349156374902609,0.02061855670103093
0.03710444694941492,0.47779607191895,0.23467409726553826,8.8,0.007889029497250033,0.018325668010118645,0.09198687097118254,0.02040816326530612
0.03726611237452477,0.4635513116551056,0.2114165584296086,8.9,0.009292937850079114,0.02485954783513327,0.07992894879478601,0.020202020202020204
0.044061988350888176,0.4630110760785211,0.31602445051886563,9.0,0.010877838626458662,0.023660313882124098,0.12925875914754828,0.02
0.05032633062824671,0.44312482034908435,0.24819788437107312,9.1,0.013902264730113424,0.026361266540500656,0.10166919175197991,0.019801980198019802
0.048870994509944775,0.4488610854973689,0.2292541632283446,9.2,0.016563413414216858,0.03192449055144113,0.08920537448333035,0.019607843137254905
0.04567528414023806,0.4632406017958937,0.2891167481807148,9.3,0.010339294630597939,0.023165443970124634,0.12203288139484492,0.019417475728155338
0.04053667618134097,0.4444425949784058,0.28651538002957877,9.4,0.013426126934888911,0.030794739145848647,0.12132038070972026,0.019230769230769232
0.0388657321678486,0.45322375032782397,0.2900290073945009,9.5,0.009597797032991953,0.025668250019256864,0.11616100153970993,0.01904761904761905
0.05503352705851052,0.4296184995201332,0.2249411948535718,9.6,0.018064341784773237,0.03033308440760708,0.08399868284115992,0.01886792452830189
0.046056131096817825,0.44414483803666865,0.2614962007749937,9.7,0.01934205621130887,0.03810997007868214,0.10163862515268546,0.01869158878504673
0.036609336237235716,0.4670484196094542,0.2220403204710703,9.8,0.008986674404107565,0.023298806142860815,0.08422775281975925,0.018518518518518517
0.04918576460841186,0.44878698164536,0.22469262588199182,9.9,0.01828146325056633,0.03395980941451315,0.0825660089828042,0.01834862385321101
0.03970801326508533,0.44744250342292063,0.300834490119368,10.0,0.011496569782773434,0.02782489299349323,0.12954451678879264,0.018181818181818184
