ratio_deltat_tau1,mean_noise_thermal1,std_noise_thermal1,mean_amplitude1,mean_tau1,std_ampl1,std_tau1
0.005,0.19704034322263622,0.004668079667645581,1.2824127047792373,1.3207724162182752,0.37392787037705166,0.37974664701399274
0.01,0.20704381756358434,0.00526127404571351,0.6541687463970669,0.6983470236042763,0.27780500002791036,0.316114708371685
0.015,0.1963364243739267,0.005519497817258109,1.3761368930244782,1.4960748705397549,0.2832215741436018,0.2953413504113352
0.02,0.20256398759961716,0.005955440635545122,1.0164892796847687,0.9829530509010471,0.2917585045945624,0.2986502798065499
0.025,0.2133974981256234,0.006064377731760143,1.3259663158011976,1.6858598369967783,0.1918891524075758,0.2056383092582685
0.03,0.20391873115420908,0.007080677970220407,1.1658409405362118,1.0934327167681888,0.277038953760558,0.27984785889607944
0.035,0.20923160597620233,0.007406919368090134,0.9835872659154108,1.0610301768957588,0.2202941576368,0.25334971121380095
0.04,0.19547880914418428,0.007109267521391496,1.1823638180287823,1.2737199879867924,0.24218565651286625,0.26983806221462747
0.045,0.2050313009053968,0.007684432845299854,1.1173059060268258,1.2644328241830138,0.22716179375989612,0.2722366940956217
0.05,0.19314644874734313,0.008943701928524065,0.8019813650405498,0.8353476104672206,0.16428480890132205,0.19424068387905857
0.055,0.19935761438003863,0.00906310762147274,0.9603109432913445,0.9944971631879942,0.17071527208410692,0.19527791653770335
0.06,0.18313810025390811,0.009732844306637086,0.9915451941799747,0.902988759319638,0.14405641208525444,0.15041961973856524
0.065,0.1868821660941202,0.010381153953849736,1.0774393846881285,1.0214165627989489,0.1848165872731045,0.20380821969523386
0.07,0.3045144850197685,0.013278569054774233,1.117429399808361,1.258970296017657,0.18003978897547193,0.2190418491980855
0.075,0.1949015409056478,0.011537194989366764,0.8994772194898594,0.9413018167053069,0.11918252055285292,0.1491561591323353
0.08,0.20286841817848408,0.011295620386367404,1.0709236441201335,1.1086371307854404,0.15897616945481774,0.18879052757042153
0.085,0.18971911153292256,0.01276198681099954,1.0758691363365485,0.9534593576911214,0.16051740633555858,0.16149736234364076
0.09,0.19978678094489344,0.012170192682609014,1.142522237122867,1.079713729114075,0.1461376087323732,0.158513663743965
0.095,0.19546993586208963,0.01231731087993693,1.1345827672587958,1.1477703312000058,0.15384519943277739,0.1822227936239031
0.1,0.19178486572161196,0.012716304308888095,0.9376959559665248,0.9149197060898069,0.10856947200496339,0.12738021726316925
0.105,0.22231683757785567,0.013954232132926835,0.9835009207502448,1.0247490153803336,0.1300472785563095,0.16498578246901913
0.11,0.18737409198386598,0.013657711855678809,1.0968829093865267,1.0503153039598039,0.13476921576516057,0.1559411366185992
0.115,0.21439291291660564,0.013516441376620484,0.9747226882616528,1.1298102069036813,0.11170837435756997,0.15528157496696715
0.12,0.2033872941075155,0.01593425641253572,0.9426762242362925,0.9463932887623133,0.106441730116207,0.12985183028812108
0.125,0.19867209632907706,0.015700368592854584,1.0623234636240768,1.0179082176206362,0.11490501745022855,0.13986510449153522
0.13,0.21778003106646898,0.013360868191082743,1.0625453944884609,1.2213922377038917,0.12913816477203507,0.17414148210145136
0.135,0.16701546861305067,0.0187327580579462,0.953098251510308,0.8784679949763975,0.09716676967026043,0.11022748930342721
0.14,0.2012260095708394,0.0167756422705281,1.1167576693755126,1.1717724725697054,0.1274565286192186,0.162950032890591
0.145,0.17299659799131958,0.018017765279668585,1.066834251670491,0.8966169196165301,0.10522951948491961,0.10702142584053216
0.15,0.18705658863921298,0.017695577596120175,1.1214755921052753,1.079966833508843,0.11110067582239172,0.14351708910487712
0.155,0.1911221667450313,0.01731705330718086,1.0061636344586808,1.020566356773309,0.09578855608419932,0.12635816830610777
0.16,0.15198623388256313,0.019123856569562128,0.9824283995986927,0.8576702007269592,0.08877323124004084,0.0935250571875051
0.165,0.19163414339953694,0.02044344242308098,1.043671620774211,0.9754458423008942,0.10024638647449723,0.11836967153015306
0.17,0.18462285131018957,0.02336141477366396,0.9675897177662114,1.0362810860715923,0.08871232355495005,0.13449288050693717
0.175,0.18015309435427332,0.021500717755664558,1.0409093297415979,0.9445217657444666,0.09290525893341184,0.11526314234449309
0.18,0.18030914139048185,0.0206154863676309,1.0314249173073848,1.0013656890338756,0.0954145036852814,0.11926119981690265
0.185,0.174841865701739,0.023626115087625858,1.1240069390126144,1.0285855813918185,0.11249869479868932,0.1305574029150304
0.19,0.19908434727253554,0.021527401223482824,0.9695806660822758,0.9910255745633018,0.09037978849297891,0.1230412964588739
0.195,0.20363773811573813,0.02382482975583718,1.061025825525616,1.0968248006607781,0.0981954997073169,0.13970310779776127
0.2,0.1840331621794152,0.029049967000996633,1.1399723857717035,1.049943391889857,0.09594176320828819,0.12808013432208146
0.205,0.18685180040492166,0.023063921609017605,1.0979866564826204,1.1503161491468432,0.0961694492565108,0.13928213610660167
0.21,0.1932956601869183,0.026070039921329287,1.0560673681783055,1.0441610359027333,0.08824623639653496,0.1246141771882357
0.215,0.20657426382823885,0.02660204662945817,0.965373817718569,1.009215507596107,0.08571782546676075,0.11964173536225402
0.22,0.1908252632329107,0.019876200495818147,1.1687652857851383,1.0882587147617524,0.10373935658432255,0.12305314768158544
0.225,0.19721570441619551,0.02309667945724515,1.0373726283089966,1.015150596253879,0.08668342307804959,0.11444998828150099
0.23,0.18017184718425713,0.03513279583196326,1.0160204701713889,1.0145622744096021,0.09156017873116974,0.12247288026185524
0.235,0.1561525269958072,0.03379711207299039,1.0614861730474516,1.0290031867934286,0.08767669246259212,0.11639879646382795
0.24,0.18529366376255862,0.023879286437479445,1.0625519040627631,0.9662547083674901,0.07809771026961917,0.09811807785732836
0.245,0.18204922636795773,0.033492796780135406,1.0925503976992172,0.9108554702701779,0.08074467576578476,0.09632582382084505
0.25,0.24864840815748424,0.025839413966139913,0.9047587198318058,1.0316289100687568,0.0738321506325985,0.12132187182324217
0.255,0.1520786528800745,0.03022886455186154,1.12036925555608,1.1015665608167562,0.09314376726806539,0.12689162993834263
0.26,0.22739382557571622,0.02164636115012325,1.0590479389399927,1.1558623276507634,0.0931534520651635,0.13138713406032929
0.265,0.2093092878733225,0.020422639980731346,0.9807897436074069,1.1104070391402732,0.08611190301004865,0.13404488728029157
0.27,0.19676732852205608,0.06742245189569102,1.0784106886603915,1.0474424617202274,0.09875764742644623,0.1560543953640853
0.275,0.17670464256539062,0.026988256099369362,1.06487651827594,1.022844941392542,0.0841121272696005,0.10522633485039548
0.28,0.26818961080129966,0.058968124034703175,0.8193424812609116,1.134962562016034,0.0848599094140367,0.2014807971917862
0.285,0.1935746533104095,0.030345979978408662,1.0814895513330367,1.0234166520872912,0.08368792774474626,0.1061108500908042
0.29,0.21573737853976152,0.029930938454064047,0.9998960848215852,1.0188569640022211,0.0780419981383779,0.10894468233768595
0.295,0.23907258949007454,0.02448720874387687,1.0570367041397302,1.1544168536290222,0.08506739084481958,0.12223463394430263
0.3,0.27618605336054847,0.02859508377294043,0.8841084243182092,1.1180539939401757,0.07284667561209571,0.1457942484100182
0.305,0.20621766980793718,0.02249149923597065,0.9786058073477951,0.9748031156477099,0.07187467219261028,0.08758240860109856
0.31,0.21054109025765932,0.028993680067701522,0.9743536291162374,1.0433343002831261,0.0731857614131097,0.114066429267549
0.315,0.19530591995635274,0.034054089982412945,0.9900038143965595,0.9186310274992409,0.06843234827355492,0.09228238398035163
0.32,0.14615490498975078,0.035962310163415175,1.2265287726552576,1.072469600463212,0.08528507912237795,0.10279410273388405
0.325,0.16617374685528963,0.02766814697744164,0.9207052118199612,0.7974846261051417,0.05933982295741134,0.06976771330540138
0.33,0.2260416103404808,0.03717576919546974,1.1041128277410874,1.1565502807053505,0.08996517061528762,0.1417481969428422
0.335,0.14913998111824517,0.03789788107449381,1.062564049620803,0.9655850573960973,0.07453252538183718,0.0938869187925359
0.34,0.18899332421740528,0.026505382174734065,1.138569354227159,1.0853509698488648,0.08216919653399081,0.10049306880961564
0.345,0.2693739482641876,0.0231272854626797,0.9620481207520591,1.2402573701877246,0.07741622360717969,0.14174061689815473
0.35,0.16747459733775283,0.03129504116815104,1.0872050239053914,1.0153261226023151,0.07657241312997963,0.09355113366807481
0.355,0.25864140399848423,0.030169627560148893,0.9723994303974421,1.17958336510659,0.07363773079969466,0.1309784842880444
0.36,0.20886320202150704,0.03127115105283955,0.9512316836589835,1.071865242820208,0.07105080446542399,0.10419047281124465
0.365,0.18668096512122037,0.03317647627461902,0.9590329207334805,0.967389422164853,0.06366550773279882,0.09211574257512466
0.37,0.2317300571087529,0.027881368699958078,1.099600873591966,1.083507190469728,0.0755082878349969,0.10663549113482367
0.375,0.1764787693624514,0.026989982589220304,1.038600977447105,1.0191834940571551,0.07166015254490456,0.09015788517061492
0.38,0.15679997871594967,0.03156672068451563,1.042320438439331,0.9781740351600953,0.0667224786128384,0.08350111908365845
0.385,0.22844999168409422,0.06355812427662862,0.9470350338154967,1.116436090074894,0.0853408513438974,0.15584361446959563
0.39,0.2203460671813019,0.029332866446374246,1.129287605136731,1.1633202600683181,0.07881949493479339,0.11711596725708072
0.395,0.21343479766717485,0.02811228149598337,0.9764120494962214,1.0286514136218736,0.06696441306615977,0.09716998021957798
0.4,0.16153014507926705,0.0479229721033059,1.0546894682921575,0.9876543590135833,0.06753623536930778,0.10018603611818291
0.405,0.23588102477019632,0.0382665011025642,1.0084092158559623,1.0659306242267947,0.06889961639787817,0.11921290483648408
0.41,0.24800852053995787,0.03784060904584728,0.9589371168471852,1.1420333987155118,0.06878927988237826,0.12944760416886594
0.415,0.1155225954395133,0.04009916460430308,0.9977301361033798,0.8527954689048098,0.057147014993285755,0.06750358349209395
0.42,0.2117665818283699,0.030370276563078533,1.0104024766256199,1.0272887893353029,0.06905150875190876,0.09491759503591081
0.425,0.20453514625215943,0.03711676867753185,1.0212936117594877,1.110733123301668,0.06706590755510464,0.10670744524413857
0.43,0.26844863561107085,0.030827027515742223,0.9884536652511744,1.2128493072527728,0.07240837302134295,0.13575885740437638
0.435,0.16918709882777022,0.03372372386311343,0.9479734973142664,0.891125913027588,0.05650384862710708,0.07524777492020392
0.44,0.24714864474706866,0.03459841916226217,1.0081857132630152,1.117626603332772,0.06913934862982152,0.11199446556524395
0.445,0.21160693187934332,0.022096722081117036,0.9957804607246276,1.1470547636188184,0.060428060555829416,0.1000891635195486
0.45,0.24741217669332705,0.03815816939319992,0.9696213687201698,1.0299583557416416,0.06585616098207017,0.11031574715761988
0.455,0.2548841529253197,0.04481257942477048,0.9524237159576311,1.2233858057388254,0.06842649748610162,0.15660034432838615
0.46,0.15467547354562663,0.027365962869278688,1.0514085362379466,0.9954601582987914,0.060958104658028325,0.074896521418413
0.465,0.21518166172003877,0.049246136888992625,1.006127382987702,1.0450424520438284,0.06871901762926086,0.10485715347546756
0.47,0.16886041844729408,0.03299492957976986,1.0958589510222914,0.99774523825727,0.06455652390900446,0.07665719754786492
0.475,0.24372033327056525,0.053297937779935335,0.9510505260510671,1.1282676222587484,0.07732823884214692,0.14650765472281538
0.48,0.24373652622892844,0.05725945352199376,0.8695110762444501,0.9476153434670499,0.06806067150488122,0.13155485377632203
0.485,0.40523625474484987,0.023498012050609106,0.8726162147508256,1.333121288757171,0.06794796806715397,0.13342811705412713
0.49,0.1987952606380766,0.03019684514949678,1.0093062226929308,1.0797319614291525,0.06101379315884042,0.08890630426722344
0.495,0.16785248564862826,0.04164708834935875,0.9632683665837698,0.9041216412460007,0.05826259602319492,0.08266455781006886
0.5,0.2104093724352917,0.04569025833348193,0.972605728583707,1.0073277353683125,0.06309896075465814,0.09526398793961907
0.505,0.15133112922211434,0.025668620774717595,0.98515605265989,0.9781500281304951,0.054267178699422866,0.07710905501945946
0.51,0.22840251789343755,0.03403795522385364,0.9505518400564295,1.018908801522029,0.06233293984633539,0.09242667226384124
0.515,0.18915286575373264,0.048594285113512485,0.9091058481355879,0.8701654873384682,0.05615184435053058,0.07787787671931123
0.52,0.19448571702332987,0.030341525414874018,0.9931580841707643,1.0060811979653537,0.06105115128807971,0.08135869578161893
0.525,0.17304235950199484,0.04098140582087819,1.111203545136482,1.082372458496845,0.06888792524952908,0.09151037963616271
0.53,0.12392112595770868,0.03646314899234993,0.9677306259768961,0.8218961292894497,0.05111302783694423,0.060348514329565166
0.535,0.1557215086562927,0.038889406305346784,1.0262466194488085,0.8788563164108496,0.05767653966142873,0.06867115786708908
0.54,0.22763668795306977,0.040887705998297184,0.9754736567944532,1.0636185748495066,0.06432299302953427,0.10001520563974682
0.545,0.21557896319273442,0.037618331927193,0.9444076200085562,1.0216809568201393,0.05606954231333998,0.09216620983639064
0.55,0.18895058651063315,0.03275722565280499,1.0598800288025916,1.1196446856487912,0.06316440528459268,0.09006328967780022
0.555,0.14612032444774195,0.03398255667363885,1.019212412028462,0.9481228163477735,0.053668550388626945,0.07180114267666786
0.56,0.2879922340897599,0.04243589335542457,0.955777317748131,1.1789058708416393,0.06875009755692213,0.13274304853861651
0.565,0.2797984713914559,0.033369984046706054,0.9642050184759404,1.2139482310196628,0.06485443533908693,0.11815296388986359
0.57,0.19670880742037714,0.028010920962990793,1.0328873068335853,1.005041957897003,0.05754481231709933,0.07640067270814359
0.575,0.252776602641946,0.040806739292251176,0.8952533127277004,1.0459117900905348,0.058382040872038805,0.10312116098114751
0.58,0.15528241073548235,0.04405625912629253,0.9945745302978123,0.9685532472270323,0.05856408783220195,0.07838441785510047
0.585,0.1830014472799736,0.037164832131681605,1.0075413323376778,0.9353105959425927,0.054821217688392716,0.07085399889922842
0.59,0.23856355702821977,0.03581416014708991,0.9492616100115252,1.0962615002953064,0.06034085718245258,0.09862958700204412
0.595,0.1319851998232479,0.03360006245853868,1.0982200351070455,0.9634100237970665,0.057356525693045675,0.06948332021733271
0.6,0.2684217491318299,0.03343272582910219,0.9691568417617195,1.0486769829124287,0.06440341405145218,0.10213312519442053
0.605,0.2141027733708941,0.039810664822631646,1.0609733417602243,1.1076233518154919,0.06455198655844156,0.09704933431953441
0.61,0.18358335814645496,0.0570799445007091,1.006876088184816,1.007165321049718,0.06618673820420114,0.09463800450812743
0.615,0.14158572608391026,0.034413317079013704,1.0479310002986038,0.9530346855579854,0.05743916107146462,0.07180355136723567
0.62,0.1831665107312899,0.02435676449750145,0.914186302558749,0.8819773698216092,0.04942270510536071,0.06422140667587223
0.625,0.0902241746601082,0.0248477291171802,1.1525468936697827,1.0053493674592295,0.057980807537012735,0.07008701386797882
0.63,0.15650509429804094,0.049578785023831846,1.0397339419730949,0.9341594759537678,0.05707182208297124,0.07022191674872934
0.635,0.3080641252942826,0.03382164973018687,0.8137695425450209,1.0958257876505324,0.05260511892642326,0.1108763943702236
0.64,0.24398245915315048,0.04283205571682685,0.9692593195765644,1.0448825737886596,0.06161323313804368,0.09888075746117299
0.645,0.1698644439639826,0.02843513310906439,1.0456325813091143,1.0121280755565565,0.05714487978477216,0.07608405294475201
0.65,0.13152340341732963,0.03488504442457423,1.042018220979202,0.8047918788441862,0.05107901596893796,0.05672333974907975
0.655,0.16284740273242185,0.034450181766371886,1.0226637760961896,0.9150138764037177,0.054647422112394255,0.06728365041061313
0.66,0.43410062695050117,0.048690718196810735,0.774711573376866,1.6885009469612933,0.08413412690878357,0.1639504663132796
0.665,0.21577584742977382,0.038952292924967644,1.0096223773681101,1.0308430332858614,0.06266627510981933,0.08748120064918159
0.67,0.18162531718034586,0.02973552359376696,1.0808200160584258,1.0474363960988957,0.05845987398714817,0.08147097833709045
0.675,0.34013453468129806,0.052571051566991614,0.9881517754192735,1.2997133341700378,0.08302377498637145,0.16567658770502716
0.68,0.24201865095615488,0.07828915654508421,0.90881576215627,1.0235113060514345,0.08404624250726532,0.15497322053297635
0.685,0.2141041580031433,0.02618749762084002,1.0579468817623343,1.1756902617448926,0.06564533522612219,0.09847864447097097
0.69,0.20224502589296137,0.03592822399873922,1.0369025377794472,1.0096813384825465,0.05722631958045441,0.08077935864548555
0.695,0.17085858398165066,0.03385860728989981,1.0757028277300438,0.9509620603272619,0.05923395309720171,0.06995606481875495
0.7,0.2406484476818703,0.04697361534288153,0.9243597320613602,0.9391494340486733,0.06246361239458629,0.08519076108577044
0.705,0.2446708898445137,0.04515857151855997,1.0739872082909154,1.1552208824882937,0.06947477125260697,0.10622590364239946
0.71,0.1808744105941536,0.06966742606805428,1.0062379315265313,0.9278927071129439,0.06634101837208108,0.08547284129095913
0.715,0.29434209809731965,0.05160046235827772,0.9160599890065907,1.2488216021442429,0.07270622271060456,0.1618700474249155
0.72,0.3146333075675245,0.05546935919689139,0.9020639428560087,1.1258381812597469,0.0762934945820893,0.13907395198136163
0.725,0.2825589959127886,0.05088817353555905,0.9930054735018071,1.0852600403924582,0.07090841147392034,0.10498581412485829
0.73,0.33714594137177456,0.0622297515412814,0.8535255918827811,1.109669381076808,0.08519089961723476,0.1505843645164888
0.735,0.19779617392661056,0.039692946862943876,0.949859616126169,1.1264206169788613,0.054722945147086095,0.09429528808700194
0.74,0.15616075056796108,0.040912963327813856,1.1022995686974824,1.0618444775195157,0.05961516590847552,0.07785111822624036
0.745,0.2761534124630485,0.05542205610356357,0.9502890719307865,1.1333242283132818,0.07235330938997007,0.11898711349693807
0.75,0.15852386136885155,0.029761951819157077,1.0049787119279696,0.9705639964456986,0.05003245457349786,0.06799348991555651
0.755,0.30559311042532666,0.05907006341642188,0.8932500718652676,1.06023232094265,0.08041136493607967,0.12799737706566722
0.76,0.1938094653869869,0.06495037917721416,1.077661206564011,0.9374103523628008,0.07089408115088727,0.09157159888213837
0.765,0.4260480177166956,0.03408888730164333,0.8600375746718419,1.500332086570914,0.07042963944377617,0.1907369236903052
0.77,0.259210484706573,0.04468345706481379,0.9528982931942126,1.1400033191561072,0.06336000223339551,0.122458153428296
0.775,0.08011273232551532,0.026323092430068026,1.1200003065620083,0.9475284914180434,0.05529667134093501,0.06550176537196294
0.78,0.19126251006255995,0.04595555608069982,0.9492862318774384,0.996415048089272,0.05511196624097486,0.085109833869446
0.785,0.23990599679858918,0.046815704038308995,1.0250776422458046,1.213516890475189,0.06756877486161657,0.11831111189044106
0.79,0.20999935723992122,0.030035788555678945,1.1139219091037846,1.1418590378873708,0.05837544090119048,0.08510738970683095
0.795,0.48024261690244135,0.01472937481011313,0.7662413973399621,1.6074873988134257,0.056142581413054414,0.1375789515632165
0.8,0.21788072849506773,0.03426034717966451,0.9703736377576304,1.0163806161200624,0.05172317177024422,0.08243759074589534
0.805,0.20176673817555715,0.03744167552254575,1.0134034521205963,0.9450991398508971,0.05342137425384742,0.06979356729823138
0.81,0.24847529575840277,0.042425488776633505,0.9877492767594195,0.9559665643386314,0.061181934187042694,0.07668591891716113
0.815,0.24260903624605062,0.046204126170298426,1.0084928820685575,1.101813457188222,0.0604163178280656,0.09879189405113284
0.82,0.2414673741735212,0.05056665318834834,0.9605179304427028,1.1118021131857123,0.05953543345819327,0.10234685961150067
0.825,0.13133178115040925,0.02655581334629055,1.1162762080428499,0.9642146595309459,0.04835969958066249,0.06513801333479202
0.83,0.04432347241659093,0.022012817994379506,1.0819908826254467,0.9952061033648706,0.04794692526272794,0.06431954149568345
0.835,0.2912318201895943,0.0404992941503917,1.0002496918966794,1.1640154238102065,0.065161898371206,0.10463016099807557
0.84,0.16665842615066276,0.03280850238432906,1.0870919465730855,1.0134185397515452,0.05287378431238136,0.07675455930244311
0.845,0.17016409062415583,0.03734534841686232,1.0342917662065885,0.9284488880046301,0.05196494603008206,0.06824243141745724
0.85,0.20078986143601324,0.027924176475891724,0.9790398590407138,0.994371659873663,0.04901122431509478,0.07246011274260739
0.855,0.1948823486074922,0.05207339853591017,0.9243753935990098,0.865250791545586,0.05436524037809885,0.06762664415692224
0.86,0.19310949225710777,0.05809797899375139,0.9594083098463638,1.0258520999839549,0.06016925222770519,0.08866795406392916
0.865,0.2651234002089519,0.06290665242705623,0.9116179148509014,1.0648553396349492,0.07289970552713171,0.1176820117014638
0.87,0.1965915177486343,0.059847844461408416,1.0347312852020272,1.0248563942672373,0.06660445658638897,0.08233737111556172
0.875,0.20130056637682253,0.04817836519761722,0.9684856290825412,0.8910096370684637,0.056877045510247165,0.07282546657446982
0.88,0.2509637436172089,0.048428165641764866,1.0062081439402546,1.0025452894294808,0.0692097740539535,0.09170155247375476
0.885,0.49334511928448876,0.00702142889257708,0.7116518019100774,1.5454153522654857,0.051959393047004455,0.16435159064404212
0.89,0.13598958499260477,0.0322693550487072,1.1194136953220608,0.9650056276593529,0.049703332391541434,0.06643723445522103
0.895,0.2460114838732033,0.043121140964186816,1.0215193438893757,1.0908246253367961,0.06086543617680025,0.0894298728453743
0.9,0.4836086531923772,0.014478402597027937,0.6660890970690919,1.453546081344007,0.048062189852885004,0.15200527662934807
0.905,0.309911041475501,0.055329157080066804,0.9186021345190004,1.163745362730158,0.07211125886416206,0.12195283936722198
0.91,0.1783380005835259,0.03767992788041404,1.0361185557330501,1.061704661982122,0.05318469957659924,0.07556254335104749
0.915,0.24692762457816586,0.0449264048900276,0.994184657660604,1.1028261174025127,0.06166008751747993,0.09245777589921328
0.92,0.34792178762185366,0.04286915855688694,0.8924444782160927,1.2068206080499129,0.06650727719873159,0.11933170151297684
0.925,0.20929439868737076,0.04055299024618849,0.9895799682793143,0.9738217148606365,0.054574661021462884,0.07073266814190075
0.93,0.2249340939700278,0.03398980236551349,1.0626197566246396,1.2152057081073617,0.057424659572887574,0.0921569072299782
0.935,0.24132262737819823,0.06839210862821747,0.8994717203925077,0.9906475602617142,0.07137577772227272,0.10002165004993788
0.94,0.4849160865997016,0.012700946396272846,0.6332704463006804,1.2786949135694154,0.04148042719585253,0.12357131991295056
0.945,0.24820339435794342,0.0414628036712044,0.94787180450745,0.884739027361958,0.056380040185936904,0.07545583631630984
0.95,0.3088900622927597,0.0541775359460835,0.9395012318374629,1.090829757054534,0.07732559825212926,0.13182011185449674
0.955,0.16680267438563995,0.03393479318887421,1.0899149884585868,1.015717584210413,0.05251117016839101,0.06978520164067327
0.96,0.24038046277728037,0.06885550943328983,0.9524510838815106,1.0836650050171506,0.07358919798663112,0.10387450480350492
0.965,0.21477682383713914,0.03560874347818212,0.9819531589015766,0.9031751563359666,0.05057564073827183,0.06876099381845863
0.97,0.17399472807570124,0.03715339155636479,1.0038056142179177,0.9782946393660679,0.05151592130586305,0.07174913792934537
0.975,0.23779699496449927,0.05948931512821689,0.972901984159099,1.0435812721103366,0.06886430462451273,0.0905714457757127
0.98,0.22124802481703165,0.10106739620962742,1.0282786699243407,1.156301065697072,0.09899854172252899,0.16305393377946295
0.985,0.28797442835870385,0.1030989569431548,0.9072061879078211,1.1413141121642987,0.1087667258986491,0.18411333583768097
0.99,0.4889977790348174,0.009630266173655372,0.6998074623549312,1.512021910615504,0.0477950170423577,0.1445913227011534
0.995,0.300020533632063,0.035514471098317506,0.9826677690650508,1.2887489963156251,0.0653870166844308,0.10510644554452402
1.0,0.2076536105174652,0.06687482505786123,0.975279516615868,0.9377213158622205,0.06468805157494284,0.07899264829955409
