mean_amplitude,mean_noise_thermal,mean_tau,ratio_mulitplicative_thermal,std_ampl,std_noise_thermal,std_tau,true_mean_noise_t
0.9650337714831525,0.393281924619351,1.171796531916823,0.1,0.061689809749569585,0.05569677470801285,0.12009310480156815,0.18181818181818182
0.8857181121450292,0.392309724049152,1.3198441341862417,0.2,0.06443980350564907,0.05906852454476734,0.1268502276515137,0.16666666666666669
0.8767044253849702,0.36494818220961234,1.03419491651825,0.3,0.06327552875901485,0.06159655489335352,0.11797906746223154,0.15384615384615385
0.9437538212173643,0.2577753412722213,1.1431188247244575,0.4,0.05619232215628092,0.07716798286627331,0.1055122789365087,0.14285714285714288
0.8527630496674758,0.35104717516231304,1.0693642363259406,0.5,0.07134300743274095,0.07363220977693168,0.1220865843682618,0.13333333333333333
1.008409620845864,0.21413284112729847,1.109311049144431,0.6,0.048849414052444036,0.047750034863737655,0.10227801021581329,0.125
1.015069818031634,0.058584659612636196,0.9437599383097507,0.7,0.038254590636082976,0.016107842659835718,0.0992177463806874,0.11764705882352942
0.9690301399335556,0.1359556919433736,0.7878694698295671,0.8,0.039155169640832245,0.0319902830454182,0.10915736105678905,0.11111111111111112
0.9616891547754665,0.1437956838759357,1.1239521991773673,0.9,0.04563961593156227,0.044818497586567446,0.10890206666244252,0.10526315789473685
0.9436756711001979,0.13187009287692095,0.9342340255977726,1.0,0.042258508308744766,0.03568781603987498,0.10253168345378502,0.1
0.605559377094412,0.4845438039300306,1.5561568875000653,1.1,0.038944173049047494,0.012743518728453695,0.17565682024738813,0.09523809523809523
0.717041436488113,0.4187968618705186,1.1378818320725677,1.2,0.08761744225719928,0.05422079133252137,0.17516054592825334,0.09090909090909091
0.813019327425633,0.32041216984273607,0.9901490563796422,1.3,0.1359974778863165,0.09336072272157148,0.15218905135221983,0.08695652173913045
0.5505624353091519,0.494145818320225,1.30407784906345,1.4,0.03794690359273115,0.0060814171849691194,0.20732702266766043,0.08333333333333334
0.5101287513926026,0.49455698668249426,1.2644688154707664,1.5,0.037148515382854165,0.005099965988199609,0.20547138092653452,0.08
0.4417865429967988,0.49668741587059334,1.5660100875308642,1.6,0.032865728224075484,0.0030243618364468147,0.21242289765661218,0.07692307692307693
0.4592310103768651,0.4941715371813241,1.3559175051193069,1.7,0.0363820557034645,0.005767144463720429,0.24069250867400369,0.07407407407407407
0.4311835804605355,0.4958140171300418,1.6644328706060565,1.8,0.03391303875697602,0.004180282208732253,0.20838191854308305,0.07142857142857144
0.3845352719758332,0.4951189692551998,1.7003545223381258,1.9,0.035313960693340134,0.005134626142658859,0.20416475103067946,0.06896551724137931
0.3920813650858694,0.4965034277583692,1.752132061933073,2.0,0.034505599862747295,0.003323549719288393,0.1825386562287828,0.06666666666666667
0.33114640183966687,0.49780890053560134,1.7343282927025836,2.1,0.028475333942260986,0.00223368778957583,0.20587264150381349,0.06451612903225806
0.32428937176455536,0.49781212908620687,1.5298261698499622,2.2,0.028380233361394926,0.0021143765651768973,0.2492599177496642,0.0625
0.31101674215952657,0.4977973257814546,1.0588786549897733,2.3,0.029009948560346784,0.002285488331439835,0.43627342458466084,0.060606060606060615
0.2775496973451681,0.49437605518129585,1.602804284470933,2.4,0.02621884177300924,0.005386981163520146,0.270888777720699,0.05882352941176471
0.2843855690818854,0.4975695881235606,1.3724856378495298,2.5,0.027447780506974117,0.0023451161657049584,0.34468209741288786,0.05714285714285715
0.22750590264975157,0.4953703083601503,1.409999827934035,2.6,0.02465623553369995,0.004540175353316966,0.39384194489975266,0.05555555555555556
0.21055075476403487,0.495968346654102,1.6704089575060557,2.7,0.020161617464659422,0.004083142853760737,0.2374003518476801,0.05405405405405406
0.20668450091234306,0.4965045195094234,1.6896026010259646,2.8,0.02187957985085402,0.0034554014297823355,0.2600596343459585,0.052631578947368425
0.18341119330338862,0.4966223736553733,1.4530709330760663,2.9,0.016850534020411697,0.0032971280187029414,0.37833459504241085,0.05128205128205129
0.17507308438520272,0.49638354316497996,1.1360745346216068,3.0,0.017278994007873125,0.003502908812698686,0.4580144012888559,0.05
0.15528733422489907,0.4928669184502089,1.4174196792235614,3.1,0.019148041213856947,0.006766472474701413,0.4202884731726305,0.04878048780487806
0.12982590671459068,0.4942178604288916,1.3340596823959288,3.2,0.01598763510676701,0.005488832256679832,0.42909835296383614,0.047619047619047616
0.15897853753820362,0.49515449879437967,1.1071526836319505,3.3,0.017847067016572432,0.004805258749396989,0.3895001073032746,0.04651162790697675
0.1376483314502443,0.4961370989584537,0.643960592356435,3.4,0.013650781759357366,0.00339464686154187,0.35401085194530213,0.045454545454545456
0.11397339187781398,0.49318854675199025,1.1038716221449232,3.5,0.014196805789750824,0.006424792582144972,0.45374370166634104,0.044444444444444446
0.11837497631308705,0.4932681519120207,0.8740805333576562,3.6,0.013886226650056371,0.0061151566242335425,0.42448309529068917,0.04347826086956522
0.11302365686014859,0.49282256507310845,0.8611302356907894,3.7,0.013180503396208782,0.0070140651973422995,0.4505483217012036,0.0425531914893617
0.10343975551885566,0.49518941859785565,0.7555905636724323,3.8,0.010380612719872511,0.004387457608957695,0.39885932731327606,0.04166666666666667
0.08921129115915655,0.4876947552364763,0.5416380702030054,3.9,0.011732146548578026,0.009907958524078983,0.32384496842516014,0.04081632653061224
0.11026492381961882,0.4888180694524273,0.5073947038571238,4.0,0.014885596537285235,0.009530892761345548,0.2830762072269179,0.04
0.10876791710684063,0.4938193956951661,0.444907383741074,4.1,0.012809831997076415,0.005758802959928158,0.24438263862345422,0.03921568627450981
0.08269902327608904,0.4868751610713513,0.5519645698547238,4.2,0.011898736221310284,0.011065693432034026,0.3073188693128923,0.038461538461538464
0.09496446344823349,0.4884710072910473,0.6446845055571465,4.3,0.014219673118856467,0.010400728332113621,0.34153274509802944,0.03773584905660378
0.07906255234895194,0.4887962972043765,0.484022093640722,4.4,0.00953259487824209,0.009215590604425668,0.287442577087289,0.037037037037037035
0.07717686396774164,0.49304292105371167,0.8053633813496068,4.5,0.008535962098623945,0.006224014946891948,0.46086637512835504,0.03636363636363637
0.07246039715344886,0.4810810172044564,0.7847444291966251,4.6,0.012195847857430343,0.014322984579709125,0.3614306962711192,0.03571428571428572
0.08023812148354768,0.48833350086736,0.5462687672988208,4.7,0.011777795291815664,0.010343782501794149,0.31766660975662636,0.03508771929824561
0.07524592071655865,0.4771733645620963,0.8625612336995023,4.8,0.012042780740936848,0.014861023890415322,0.40934941614442993,0.034482758620689655
0.06925464739143736,0.483870329930967,0.704596986769297,4.9,0.01013335796802229,0.01224609619152534,0.36433782956497707,0.03389830508474576
0.06868118954466272,0.47772285939940257,0.47062800778692776,5.0,0.009981665085840448,0.013616784633640794,0.24030825853462826,0.03333333333333333
