mean_amplitude,mean_noise_thermal,mean_tau,ratio_mulitplicative_thermal,std_ampl,std_noise_thermal,std_tau,true_mean_noise_t
0.8371091552268746,0.42107383647406116,0.8011646231123424,0.1,0.04724001197876825,0.04011931972450524,0.38346224080461716,0.18181818181818182
0.8957308183699394,0.39872753288444424,0.6081293732846309,0.2,0.06638893203619971,0.0670807144953665,0.32756617745102345,0.16666666666666669
0.8885123177841846,0.4454292950278598,1.1025798980330912,0.3,0.05189934375940775,0.035551148943712314,0.4181361367975743,0.15384615384615385
0.967235535753393,0.26458534580148985,0.8259641510908241,0.4,0.06706246209211923,0.08473113672100197,0.38629026470750427,0.14285714285714288
0.9858178140596323,0.2386885824261976,0.5207641931716513,0.5,0.0526616193532599,0.05360778329852561,0.27587537079648955,0.13333333333333333
0.7265899702048133,0.45626991606209727,1.263077121359529,0.6,0.04567050437110983,0.022507061891296334,0.38990315693798094,0.125
0.991747381303014,0.14305761363030375,0.6958043891671488,0.7,0.04497506348495359,0.05031342423229151,0.36644390515530434,0.11764705882352942
0.7664338792714465,0.4279552328649686,0.8139216423177025,0.8,0.056990341673918817,0.036843903629642655,0.41194041185780983,0.11111111111111112
0.9625451570580539,0.10365385840924718,1.0970322726308643,0.9,0.03900651740888245,0.025255649792418938,0.37764634391237456,0.10526315789473685
0.9668742582062645,0.2206945417049012,0.7740499385652874,1.0,0.0454012836802697,0.03446931970839729,0.3986877034807058,0.1
0.9559167501443486,0.18644791542983005,1.2944409270711916,1.1,0.06006802737177836,0.05752964791358185,0.35940694921556166,0.09523809523809523
0.5853539931103672,0.49409695276433285,1.010189120875384,1.2,0.03785992036194482,0.0056156003740293016,0.49180714190167546,0.09090909090909091
0.6478939128204296,0.45029444419008213,0.8022231106464631,1.3,0.11398681462532417,0.07831348940354083,0.4946503339996833,0.08695652173913045
0.49781495552782756,0.4935769529413213,0.8908626615361391,1.4,0.03775776257285223,0.006283204323384356,0.4897358727257878,0.08333333333333334
0.4998109552598191,0.495160409688242,0.9119827505014955,1.5,0.0346563357529511,0.004739940409591215,0.4874445977729683,0.08
0.49004841794667703,0.49388537817707523,0.8854653926368669,1.6,0.037107061541754534,0.006109884735087723,0.4725965369651817,0.07692307692307693
0.460486286286934,0.49398111435092956,0.9623073117419094,1.7,0.038641244515216985,0.0059541835196066945,0.4859204376817602,0.07407407407407407
0.3895340341148759,0.4939857501680645,0.9234018373415404,1.8,0.033656012543715794,0.006062958289321793,0.5132688812868674,0.07142857142857144
0.3757716642804688,0.4964839077329787,0.7936654114632034,1.9,0.033113144754515954,0.003485011776314735,0.4489612423359011,0.06896551724137931
0.3737466590491629,0.49765085126704084,0.7590251482154875,2.0,0.031896080687098025,0.0023813954203731084,0.41253107825054774,0.06666666666666667
0.315539348564429,0.4976018232095553,1.636222213663769,2.1,0.02786066450004888,0.002217973808355739,0.39462028157992546,0.06451612903225806
0.3257623388361968,0.4972068100222492,0.9686900636079881,2.2,0.026185766803160357,0.0027770136150187873,0.5375068172523527,0.0625
0.28486545702005817,0.496680769532155,0.9342519479496447,2.3,0.025927843262641827,0.003203284370538602,0.48980311440059787,0.060606060606060615
0.2461779671122053,0.4972930041096314,0.8938045556972943,2.4,0.024083608354891897,0.002645541925381458,0.5044037842527513,0.05882352941176471
0.24684545431700003,0.4970538881888261,0.8804380365728769,2.5,0.023480952135067634,0.002892714608896148,0.48693804283130027,0.05714285714285715
0.2680858663451641,0.49753309352333336,0.8570964833458157,2.6,0.024597288676894643,0.0025304606143142804,0.4946976549600049,0.05555555555555556
0.21559864984580426,0.4974378851175354,1.3534850883096359,2.7,0.01998351563139265,0.0024311038399907575,0.5398430583128744,0.05405405405405406
0.2021557295903382,0.49686928417099174,1.2766294607472586,2.8,0.020115287705292202,0.0030794078036965487,0.545656142863995,0.052631578947368425
0.19171196203817598,0.49698251988641273,1.0142821024628974,2.9,0.018713893109371334,0.002895124368725895,0.4967932659833874,0.05128205128205129
0.18814706416727986,0.49658949869869673,1.3426672572384715,3.0,0.017255362431446434,0.0030679198578992418,0.5044146529416617,0.05
0.17430608910881654,0.49485454057332895,1.0084298528589752,3.1,0.01793606045795379,0.004750001047327946,0.534474416393409,0.04878048780487806
0.14980364834102855,0.49552388950381043,0.8547636177222955,3.2,0.015037784622279823,0.003932616603702466,0.4704489425457029,0.047619047619047616
0.1245939162810609,0.49391824531134193,1.2575069317003804,3.3,0.012883003227642862,0.0051113517765933045,0.5573686436852548,0.04651162790697675
0.13556423097027476,0.4935688720329468,1.118015872757948,3.4,0.015199481592004654,0.00586790903687368,0.5358505490111208,0.045454545454545456
0.15725093709368537,0.4967675901513519,1.0370450175796373,3.5,0.01673570171887366,0.0031169463352433207,0.5306981457477886,0.044444444444444446
0.12193290100225052,0.49530925502385253,0.8590329191003664,3.6,0.014612476008226636,0.004478372907621559,0.5053898397844273,0.04347826086956522
0.11598486264706884,0.49298457494176434,1.0269419177450918,3.7,0.013383448254118994,0.006358264990239491,0.525205330129581,0.0425531914893617
0.1277700972158575,0.49061801530855853,1.3657171914599253,3.8,0.014028083805828432,0.007964046344675478,0.4903647148148399,0.04166666666666667
0.11545515839851594,0.4952532246113336,1.0791004020625417,3.9,0.013034669716968183,0.004482882041307564,0.5401057703925396,0.04081632653061224
0.10509099708464795,0.47754179686064796,0.8678083762639466,4.0,0.02041024715302775,0.01663336040530577,0.48365092907570995,0.04
0.08232385406834145,0.49391918559769094,0.7640767133041791,4.1,0.009027398421437332,0.005540844267132244,0.440061725464845,0.03921568627450981
0.08603756024168728,0.49113591139639207,1.1020209727770351,4.2,0.011970733889090817,0.008308376141682903,0.5483225086502747,0.038461538461538464
0.07318649616362567,0.48444892968892816,1.0753550928429763,4.3,0.010301337067653304,0.01176139651525048,0.5669981784990713,0.03773584905660378
0.08604255818636751,0.48917609267701906,1.2998628363383076,4.4,0.012613467450177968,0.010078557848284484,0.5278126998088998,0.037037037037037035
0.078462327401903,0.4910994726730115,1.132416253521514,4.5,0.010530555319902395,0.007944872880539237,0.5767299007287463,0.03636363636363637
0.09087665614013982,0.4884994035244131,1.3528936836076129,4.6,0.011553812750468196,0.009549711381381661,0.5341925271696979,0.03571428571428572
0.09563170402063483,0.49046755340562814,0.689801656844338,4.7,0.011800623411963805,0.008288305787103047,0.4017442636583004,0.03508771929824561
0.06640654734159249,0.4814933242028366,0.9201368911376007,4.8,0.010850017269500106,0.01491245265910535,0.513526486707111,0.034482758620689655
0.07409710281939956,0.47603370212015983,1.1493338202685688,4.9,0.015317735471738415,0.018381849037927663,0.5544369480111857,0.03389830508474576
0.06810855070590079,0.476101608070532,1.0373399017079001,5.0,0.011523619623782812,0.015460586280404134,0.5403684739379082,0.03333333333333333
