ratio_deltat_tau1,mean_noise_thermal1,std_noise_thermal1,mean_amplitude1,mean_tau1,std_ampl1,std_tau1
0.05,0.49943195766116,5.2526987028108014e-5,1.9571465133426655,0.10194497510551735,0.009619378686670284,0.00048350649812021584
0.1,0.49985996254641896,5.343602612318036e-6,1.7938033669139293,0.10706561348278064,0.001834123052425091,2.7851727666389873e-5
0.15,0.49991682725677417,3.710272484213026e-5,1.2490317873706855,0.10650285998030161,0.044796110158284524,0.000819492721550449
0.2,0.4999172338419648,2.7255434187021737e-5,1.2431614627831253,0.10512111196145256,0.04318999872875123,0.002892618285472603
0.25,0.49992471899851926,4.955063450127379e-5,1.1355763382344277,0.1079889049736842,0.041000261452465825,0.0029209530552937175
0.3,0.49969330216968244,8.970024979213951e-5,1.136811072040653,0.12005650542571762,0.06793399145744503,0.004835547986152121
0.35,0.4994296829668033,3.7520602325341384e-5,1.0749680051304535,0.12817187448189699,0.024950447705599378,0.009051392624370519
0.4,0.4997360707350217,3.058306146260352e-5,1.2303846268876772,0.1861465074072352,0.05421127246214297,0.0025931560616354004
0.45,0.4999743756320466,2.7553408777100567e-5,1.2003270131703476,0.11916079002232333,0.03744920437465642,0.007684074824866156
0.5,0.499944656269548,3.055122410410408e-5,1.1466673307917061,0.16910615192798548,0.045425042967128716,0.0100905428054771
0.55,0.4997032055601199,9.708990742867458e-5,1.165646548584141,0.16132696654455675,0.03806996794413221,0.020285978397229665
0.6,0.4998784617673919,4.615928035983829e-5,1.4227944184910764,0.12600149952546166,0.05458132853500345,0.00969126687291913
0.65,0.4996221786882315,2.4525019780281362e-5,1.2634496832408493,0.27053914554060793,0.025308147787915018,0.014867976813874887
0.7,0.4999908814821259,2.478483215527887e-7,1.3689099505279776,0.21402792264013604,0.00011931538273241396,0.0002695743512046351
0.75,0.4999290389264925,5.046639774724228e-6,1.1965868471920138,0.17044417015727992,0.0252276315463998,0.018119897644977567
0.8,0.4999555484201731,2.143407429460183e-5,1.4103893632018696,0.2786134213114947,0.03213453496269615,0.02677599945670275
0.85,0.49978924943230035,3.707762520426949e-5,1.2286983200047283,0.2565618525961061,0.01347585262113821,0.00922305533667036
0.9,0.499693811213009,5.3038899192176985e-5,1.2611550305249306,0.24007722842125495,0.02591971084954733,0.012592997471914091
0.95,0.4995685693232061,2.8403305470681474e-5,1.32823047496542,0.19518636479579243,0.00749370827487738,0.010452502334038216
1.0,0.4998505084856288,6.213635857559812e-5,1.4347720479793684,0.29933507716990687,0.041072339363828966,0.022388621020223893
