ratio_deltat_tau1,mean_noise_thermal1,mean_noise_thermal2,std_noise_thermal1,std_noise_thermal2,mean_amplitude1,mean_amplitude2,mean_tau1,mean_tau2,std_ampl1,std_ampl2,std_tau1,std_tau2
0.005,0.19533967144386966,0.1921804827352508,0.004688876327441945,0.004842092888527759,1.4121713977043564,1.0661206787473922,1.5446986265572142,1.0162641712367073,0.2772812435526844,0.4015073903215316,0.2840810408557265,0.40422708368691723
0.01,0.2080164831384527,0.2064479529014813,0.005967963250876829,0.006717158983551859,1.2209924551668085,1.388189705971912,1.268287804081681,1.4347188543863574,0.35233178149646893,0.30016143037744875,0.3667884246660998,0.3066807257136674
0.015,0.1988397082233887,0.19730511497507403,0.006874886281885022,0.007102637248890011,0.8947938695518594,1.349711425362929,0.9722629206389606,1.274232768813663,0.3093753509518895,0.31958598112970743,0.3480024434886074,0.30883069425793325
0.02,0.20272722254714287,0.2030477983839922,0.006671424988507542,0.007667344589172891,1.2289329885932163,1.4173942583563444,1.261515857096884,1.4256812693168666,0.2993049650761743,0.2861081960318981,0.3179400134091649,0.2934154744582353
0.025,0.18549331720567214,0.19105808813215894,0.008643244170576759,0.008760384968638752,0.9420986382515892,1.1805356331495866,0.7975697522110665,1.0959487973389628,0.2613944278509472,0.28087164659033687,0.2359033176620202,0.28584113186883975
0.03,0.19132261205905954,0.1962273295991636,0.007618707163354015,0.00838680772971953,1.564839180323869,1.3110340863268026,1.5680543162459848,1.2910395610080536,0.22885796170379444,0.27799055012440926,0.22980207051355755,0.2957771670741491
0.035,0.21034473814743535,0.2062432190333016,0.008522321325797909,0.00941518576524172,1.0848527186275596,1.3056355978699443,1.2188490597920707,1.4241490060298383,0.22654210803785976,0.24151946535163293,0.264235008691758,0.2790079575218748
0.04,0.21214292976073068,0.21657271048137422,0.008910025508638121,0.010383258307995082,1.0383505202494452,0.9842420946353455,1.2273159892292969,1.1377635799741896,0.2052632903263208,0.20927090591369427,0.2658473965288325,0.26675113603743117
0.045,0.18342608604405022,0.2080614578188033,0.012536729638248815,0.011057779796596546,0.9387797920196321,1.1949359051179655,0.8647037246674444,1.2422220891408196,0.16146740357791928,0.23511598557363025,0.17035696549991608,0.2592276580528029
0.05,0.19384624404565307,0.21397108247990745,0.010689413907253675,0.011333554077451815,1.1693262810795737,1.0380684370408781,1.192381934020959,1.0683517144896484,0.22771712850538994,0.18782068028799312,0.24770614557837972,0.21389043064795574
0.055,0.1873828146330745,0.19914907341313176,0.012459475158789628,0.015884743894545868,1.1523707422729157,0.781395655753758,1.0942045870179256,0.7178317631135134,0.1977799884233335,0.1131798449974514,0.20719388270716863,0.12224441214995664
0.06,0.20311649959031428,0.21227085801232426,0.012471336612279484,0.012835289220029331,1.2495729343573674,1.0554357563947372,1.3684672266931974,1.091773589375877,0.21201366424522355,0.19117896741540819,0.25268384775603814,0.21512429682260192
0.065,0.20929264878947468,0.18846651472253068,0.01468025585721325,0.014569024945491725,1.05789582116445,0.9343935924923888,1.126562837744352,0.8915260116523679,0.16644779375686414,0.13796771677920713,0.20436971818014685,0.14650056633148206
0.07,0.2077868604297675,0.20609535804666565,0.014083285063256047,0.014683235745052437,0.95577212608909,1.1878098437378453,0.9283151986184716,1.1800750128919375,0.13196869114141124,0.19065784189203425,0.1518857060373233,0.21208413761567416
0.075,0.21889230335159546,0.2060308594475567,0.013655858924551003,0.015890570480005306,1.1396089720766784,1.1876085795124585,1.263039034047355,1.1721663747420197,0.18816432310270154,0.1965304032632525,0.22806996315618605,0.21863001944183413
0.08,0.18131780965001634,0.21358022513698713,0.01617212500860076,0.01655448164563459,1.0226539815475468,0.8357594925602285,1.0262915059910505,0.8519755700889157,0.15638559652441822,0.11688221809279985,0.1778682969570249,0.1444569632756584
0.085,0.2164175905126305,0.22538928442264988,0.019262281603617523,0.016196697794032457,0.9174797541884437,1.1456057192021643,0.9795350412960496,1.234024463534694,0.11514652762002854,0.1782265860684918,0.1552376582619969,0.2214245655539917
0.09,0.22146456713338997,0.19519095852803253,0.016718676771901836,0.01974064187010427,0.9980462991732306,1.2654301323475723,1.0073230207431498,1.1885326734134898,0.13588576322122436,0.18275163726742197,0.16384886950101168,0.19633005008551266
0.095,0.2028078889637253,0.19182215787156706,0.014435012355393111,0.01731019036435191,0.9744683818664136,1.359491697290183,1.071999998603726,1.1897780935320426,0.1275288400635604,0.18216641750857127,0.1598476878216546,0.17215417364760138
0.1,0.20546178258902117,0.2066005546785274,0.020829405696193872,0.020900360290385365,1.284199877749924,0.8493179890567261,1.2729405941521705,0.9287525476950648,0.17380305715067462,0.10073595900906489,0.20518880449027113,0.13688063822780688
0.105,0.2096128658679955,0.22444799567277415,0.018542138617030097,0.018478974763599495,1.0185859094210181,0.779131103547775,1.017552961467479,0.8582438843283983,0.12567998898918376,0.0880197239244751,0.15039427002420944,0.12033801025179265
0.11,0.19113784392545657,0.225082085521551,0.01938338705779224,0.01766010105141109,1.1763399384439988,1.1666019890048474,1.2512509363678268,1.3011777914348512,0.14911259831476867,0.15484255609046338,0.18344786244548142,0.19977115891297714
0.115,0.21274402352001642,0.15521550713068352,0.020467462842788137,0.027411346902379317,0.9936893599899714,1.2487923219354613,1.040699465655071,1.1343122326508979,0.11902640602468709,0.15488068632375782,0.14784889969673554,0.1675134006707687
0.12,0.19483009821529348,0.2111596060702113,0.024437788051730785,0.020718038196918715,0.984669541437098,1.0815093569458905,0.9814150077877534,1.1444409337912638,0.11097290118577068,0.13614653587716266,0.1355734126272801,0.1711707032659977
0.125,0.17356231500497557,0.2467523572882417,0.029973037073494052,0.01837405702057466,1.2476167834614842,1.1713820721080643,1.1880983606032574,1.4180140393002667,0.16461173396457732,0.1419396351692284,0.1896922674896468,0.20197889654391657
0.13,0.21915288236846062,0.21209934942010966,0.017712669483342807,0.021402209108048985,0.9612070679647399,1.1681528111970563,1.0872995819380935,1.2322374861574725,0.10605978473534816,0.13468052840066724,0.14725698189959352,0.17651083013793673
0.135,0.19341923451054227,0.17833903390916206,0.018133712210904436,0.03266322069194854,1.0625477859917072,0.8105322226607196,1.048852576655641,0.7785261560774884,0.1115380386670119,0.07846864355153974,0.12954129510642567,0.09844355372040631
0.14,0.18340560409590284,0.1412236801812503,0.028588194089486898,0.022135628248739762,0.9147140827362283,0.9724062360816883,0.798981015543707,0.9240781334655022,0.0802688818473286,0.09952912632158922,0.08594948802054442,0.11536266391789131
0.145,0.17359566862149253,0.21432057299744878,0.026546174500459523,0.0169511649650969,1.1398284721816574,1.075888212955319,1.0283908829759005,1.2380382241332943,0.11039110635809343,0.12455578574724599,0.12356522690600416,0.15754114566613447
0.15,0.24234377940386762,0.24457855222179772,0.02272212347672177,0.020681500529574456,0.9730653184610496,1.1152664762191897,1.1078070998466185,1.2253213917612877,0.1049935672232878,0.1316038831274552,0.15212144366706581,0.1731136442702999
0.155,0.19101019035164107,0.21279053223948244,0.038198372219858535,0.02288869485022152,0.9045236946573314,1.083527499074047,0.8611327284548325,1.1375177526659683,0.0737118465693007,0.11924491591425337,0.09915194397505547,0.1479434912197948
0.16,0.2678661298349529,0.23568899560602932,0.024234461697921744,0.022412807300775547,1.0016144129868143,0.935352899857406,1.123357319562182,1.0422752351725788,0.10511083795799292,0.09466914886159024,0.15421409030174127,0.1317497957852343
0.165,0.21471597478706306,0.22809765523641817,0.029364734834789647,0.027517129643985692,1.0321258635236497,1.0310696503313472,1.1100276288650694,1.0634923444335884,0.11018035424253839,0.1057215509121847,0.14784336529409042,0.1372053421622973
0.17,0.1444150164855658,0.16658103988163217,0.03691846303445894,0.03326394629981108,1.146883117362433,1.149530644790432,0.9987631523713699,1.1290612232820159,0.10795392245247,0.12326772439996471,0.11802738360443135,0.15126927830065845
0.175,0.1825631615392693,0.22109834035306103,0.044916297903432184,0.02618613438221489,1.0794119729065035,1.0921975779800914,1.079189384457839,1.0827867429036744,0.10327446848104382,0.10421742245669322,0.15068702593968286,0.13037365066004533
0.18,0.19687018043718052,0.21804796339650617,0.03480344417101856,0.042023931409026494,0.913116498033261,0.9987542860048506,0.959237166520238,1.081225408621302,0.08592043006641921,0.0934524228083067,0.12016228047641259,0.15228003849994393
0.185,0.24626153762313424,0.2215061791089883,0.028528034685100137,0.02767467066965221,1.0250137227600236,0.9167268636263936,1.1879294356979244,0.9469121960169861,0.10336478284117175,0.07871541228045288,0.15432162254052992,0.11231832116053747
0.19,0.13166683787986816,0.08587565204573208,0.025237090357889087,0.018322319667477698,1.0574803177394534,0.9901649837795441,1.021502721288488,0.7993721416872333,0.10363981811101695,0.07606807809302261,0.11178167769393046,0.07071079288706295
0.195,0.23023725374019674,0.24431832722878713,0.030407931064069766,0.03476553996140124,1.0825816202403409,0.8889512029616872,1.1314778294697134,0.8480269602712559,0.09959262240583751,0.07433277466705393,0.13993611640276443,0.10044813433002366
0.2,0.2092033940842436,0.23077840498725882,0.040317671782098205,0.03772205565933761,1.135982983055272,1.00368982171505,1.1578916068478065,1.039460252970969,0.10228277240800507,0.09490789104524897,0.14483804521685803,0.14707749218164945
0.205,0.22927545962808754,0.1848385542283887,0.02629762494758849,0.02532072532026875,1.1003627219357919,1.0060226100590275,1.3245400747772889,1.0728904996366835,0.1032888608719937,0.08982799131201492,0.1597151753629129,0.11470208059084361
0.21,0.2634052242506416,0.18985450776950308,0.02721891821317636,0.03645537989341835,0.9544960498743075,0.9355530704589048,1.019238034938562,0.9536709754752649,0.08274690556595529,0.07961410412713656,0.11825404802802839,0.10775292611181943
0.215,0.20402622582462643,0.14995902633988625,0.03685064040599071,0.047809181272827676,1.0185602688852813,0.9291963181833202,1.0476615865413894,0.9517688796180748,0.08876832632122567,0.07833579481936201,0.1236713650511326,0.10944207811404742
0.22,0.062341123047689254,0.1685467912147446,0.016980426703968817,0.023440921646997504,1.132073285587672,1.168908447230372,0.9257811014222086,1.0569196103309397,0.08034060586085494,0.09801835215737581,0.07446222375865155,0.1057011959618094
0.225,0.14562574986498888,0.20120894322256636,0.0268599074832697,0.03374801391172999,1.0767428874396747,0.9794060910430585,0.9951273707864108,1.086181187032251,0.09048493979111007,0.08665599563621064,0.10243526663587367,0.12522113047006764
0.23,0.1556559393440817,0.20092016668723922,0.040253592904746754,0.04075156084090844,1.0702628598477508,0.8952422772750013,1.0725007341030668,0.9191667864344111,0.08803957908567935,0.07150353887403106,0.11728207851924605,0.10704342952892267
0.235,0.22427746462358625,0.22783138904544525,0.04128941242252491,0.04244175718564654,1.041645122405298,0.8563023470849732,1.1028947533355828,0.9278648790007101,0.08372605830015144,0.07033542483461415,0.13194923123336738,0.11092816222037126
0.24,0.1921575821886785,0.25366135436552617,0.03692969231883853,0.037864923214638344,1.0466615412141989,0.9545874016112098,1.092365638451352,1.0980754394545098,0.08172599167563081,0.07868282005325243,0.11421591988289514,0.12782580506202854
0.245,0.1899180319509944,0.21031135867601713,0.030582537638182337,0.036871878954778226,1.0819247246678805,1.1637417725159898,1.0324987846189684,1.1743290297728912,0.08387403719845342,0.10131047956596645,0.10642143654260339,0.13232765671908245
0.25,0.06024285075351861,0.2251885320083758,0.021065203448925415,0.04071581428715611,0.9482924390893565,0.9135191755355809,0.7881335956253999,0.9737435808579499,0.06204374266778367,0.06970348638615202,0.062206830855325836,0.10625312712545175
0.255,0.25460481207341407,0.22974712555754168,0.028508678459572372,0.034015542728494226,0.9810391979235754,0.984260157352985,1.181087639601008,1.1071883974590349,0.08023506808417433,0.07810252556442712,0.12926052797002852,0.1230917772622824
0.26,0.22453281972163375,0.2382971033991124,0.040162208082233856,0.030745599814085117,1.0358707710314652,1.0058086452253796,1.2032688413266575,1.0990181798450895,0.09192545174820503,0.07791909493446875,0.14927086173500118,0.10844171978134587
0.265,0.18855092739160417,0.225348068475808,0.03793767352245285,0.04417596968568098,1.086070869987056,1.0866617037437425,1.1496359745697928,1.0812606226820785,0.08867673584842968,0.07979535443811975,0.12653988504462554,0.11156477645059884
0.27,0.17734590609504997,0.18154086773180517,0.03211885090022164,0.03092124520229901,0.9532413517453433,1.0923377283719784,0.900223608880946,1.1098726097523228,0.06768536917919893,0.08520351772834543,0.08428935308890105,0.10446540904105259
0.275,0.20724572211916883,0.13271174860601756,0.035454143282553065,0.03936724322925173,1.1317201926911478,0.952191309897507,1.1112922601383732,0.9628111969883759,0.08837565546966782,0.06672996868207787,0.11527300921079123,0.08494785582418785
0.28,0.2717436257257281,0.07975068530712724,0.038333877540597826,0.013977414534313727,1.0582932188834795,1.107325429030589,1.1953014628022036,0.9680335725884068,0.08654065771917965,0.08044522672622192,0.14173156003679674,0.0829346072754438
0.285,0.18886528805418284,0.1636707979811935,0.03056494377888211,0.04255213510114768,0.9578234508060243,0.9945722633878565,0.9058342302372646,0.961097352711192,0.06569472884069287,0.07044952389051842,0.07732596357362902,0.0893824334364482
0.29,0.23061214488021492,0.2838003781289375,0.04443590515279481,0.04558667130541929,1.051892639675141,1.1002148107896386,1.1029447185407497,1.212177813778031,0.08486218268258432,0.09422970330569114,0.13244332589659782,0.16061795544529722
0.295,0.07114044777529874,0.1586774771904442,0.020863531957970388,0.049029533353983655,1.045011103407304,1.1722231500356888,0.9094571973008502,1.088761626217727,0.06786699101311171,0.08728388512604945,0.07046552920368213,0.11349734960595975
0.3,0.18529742920553482,0.17424119029364712,0.03755892802631516,0.026110748798726543,1.0843205320263816,0.9716907141343798,1.0179891119197895,0.9231214170966513,0.07414404355056675,0.0655596973389489,0.09001217010207892,0.07702228652887132
0.305,0.17481320719456359,0.2139158570448776,0.04621853325813217,0.04937506227580103,1.0972178003486623,1.0067937410371945,1.016874864839648,1.044949760127221,0.07588326264380092,0.07174242525844601,0.09899232395085672,0.10866978172014513
0.31,0.2721968253001756,0.16245919223993688,0.03739922499573695,0.04647253621459632,0.9613201203519055,1.0358449645303958,1.164624769764807,1.0186036428748002,0.07554172017787272,0.07284255746174637,0.12934673722189016,0.09862763935842694
0.315,0.2541363321789619,0.2392917817591841,0.04296663539227946,0.033964049054130065,0.9281346665802153,0.9507027319049699,1.073995274215926,1.0267736335944246,0.06974190376582053,0.06979984347476101,0.11494722805840524,0.10341963102425494
0.32,0.28203605191513154,0.1225755163403192,0.03846582439326218,0.030512691880039158,0.9130033238033632,1.011144148841721,1.0807469320586425,0.9542321051557824,0.06771460822512529,0.06428391332740219,0.11530817877582393,0.07923963631952317
0.325,0.30858855858963696,0.1949683858699206,0.034674743380306586,0.03428248487076252,0.9862665905694662,0.9628553867969161,1.2084563311458036,1.0152481691969553,0.0766541906394503,0.06767882141410432,0.13389506216747926,0.09127760392628312
0.33,0.15498372047401152,0.22926519899418327,0.03074884779837316,0.02778441429817975,1.1138015853903673,1.0217351484439028,0.9812415827043408,1.0785225369007687,0.07715753513169789,0.07347453335929399,0.08361718522184748,0.09622981799250123
0.335,0.22335658536735614,0.2655888092256119,0.05587831462826736,0.03207140646311955,1.022651110829216,0.9179026559247666,1.024029264417958,1.1038318100671998,0.07796309792222714,0.06470431706138133,0.12135898436287251,0.1041806179519596
0.34,0.1842845510799322,0.24714620276560872,0.02819698761151371,0.04046363443728706,0.9548531101301918,1.0407258235366095,0.9830404817046084,1.0586583460780812,0.06663549951588961,0.07021326604165423,0.08550034689969839,0.09889188650136542
0.345,0.26189211803379164,0.26985434776862477,0.05767769685069563,0.034119292227421966,0.9666422834112652,0.8907373750851226,1.0381897522888544,1.067902542909753,0.06921621363260556,0.064448247545748,0.12955382052729847,0.10825310180810886
0.35,0.2596002243986045,0.26790198012683647,0.03838279115074754,0.032937123710151194,1.0330379486672714,1.005972902246443,1.1703593573791644,1.054690319765923,0.0737766081860023,0.06690485207515652,0.11812528655952223,0.09661707568771476
0.355,0.28404967970215805,0.2993811653588484,0.028786518387323358,0.03979020049806769,1.0709972793007372,0.930674575021065,1.2116071213832333,1.2165164512790303,0.0796755399055684,0.07463140123019386,0.12486304853936865,0.14183277133416128
0.36,0.12499768855937012,0.18365369325366188,0.034439149185321614,0.03413801658109012,0.994690357127598,1.050407997633008,0.923751129679206,1.0661133500974607,0.06198261526007367,0.0702346486127848,0.06680866989468626,0.09134513618826529
0.365,0.25807201124265045,0.14261217772743137,0.047658446054951474,0.022440467360558963,0.9362070196011301,1.0153852222036255,0.9964276584928505,0.9559232109552278,0.066193824519337,0.06304638794638337,0.11257334383486976,0.07438611717225314
0.37,0.18244042306152325,0.15767616067955958,0.05548461021559247,0.03857229349036367,1.039948025139518,1.084525926203466,1.0149000399890635,1.0524176529842704,0.07452765143957343,0.07387045065328943,0.09373060904660205,0.0857114711748703
0.375,0.21192100802679273,0.21800653299601555,0.041388720800106256,0.0486296690964217,1.0279492635049845,0.9771621885724291,1.0291753041794205,1.0546727351128742,0.070770423285404,0.06589565639720985,0.09498111288172224,0.10974551687583216
0.38,0.19076606368205887,0.25928740169545045,0.046867505844738484,0.05686973769654486,1.073432538940162,0.9704583387759964,1.073086639429642,1.0696617640356862,0.0720113709640114,0.07089104058181081,0.10239909205332264,0.1160234705905976
0.385,0.32719128145027654,0.16552350924017378,0.030052010768475905,0.039799979617287935,0.8992821841752713,1.0244900886505863,1.2325511121843264,0.9506659795124422,0.07164057745514606,0.06680210830633228,0.12814409281944797,0.08220200849640193
0.39,0.1395790496264862,0.30330293404166087,0.028755440355694956,0.03634106355606458,0.9846722052298531,1.0301339135327041,0.91396175172796,1.1567138160453914,0.05670620868603024,0.07308409302406284,0.06295241289599351,0.11977059327727789
0.395,0.19069084672985737,0.2805970267926718,0.048885825719876694,0.03453156873635214,0.9343591998840735,1.0379377174743847,1.0053360018126922,1.1569620548005908,0.058908597606569434,0.07466907234521554,0.09392112876900992,0.10596521500204505
0.4,0.21143748481527808,0.18894588997241799,0.0352811106017837,0.04113261604829154,0.9290531727140281,1.0867486739569792,0.9878534829973024,1.1038755215247844,0.05989218914087475,0.07617657577941288,0.08304955297115064,0.09693636558038396
0.405,0.1551471188886583,0.22276658045108058,0.060500398990816426,0.040466386845693356,0.9066040344888601,0.9074904047796337,0.9334116370164581,0.9258789046836989,0.05626324176881158,0.055566860333550926,0.08466571661761349,0.0786752063033761
0.41,0.2138830645212464,0.10279907571333899,0.05807432099466489,0.03382799683599579,0.8970138766522426,1.0435686336490637,0.9108094318278298,0.9185746854277265,0.058782844506848744,0.06126025503608669,0.08720460780271301,0.06416723754130962
0.415,0.19564815864667673,0.22922465348464935,0.03432616683448144,0.037009587430276214,0.9718738812826423,1.0040207638396634,0.8758167057706114,1.007524450680387,0.059346705783178896,0.06290379413826651,0.0670156799403769,0.0841296988460333
0.42,0.187196128265666,0.2582912839346589,0.029608014976341773,0.04439829796897046,0.9772187454771547,1.0125701483902472,0.8928390155097274,1.0854816381846293,0.05760216284365359,0.06594255837344914,0.06660652143817487,0.10636535690089352
0.425,0.23988648270517476,0.3282189997016683,0.0453601848984557,0.0564802468212075,1.0004140986742291,0.9998803968326485,1.0880703446690565,1.221490264596012,0.06839892243789368,0.07710695948657477,0.10347590359380689,0.13864805627902288
0.43,0.18658572428164213,0.1947852549949465,0.02267214440676823,0.06316153421647777,1.0976701294756226,0.9898061457848831,1.09780623980272,0.975937092486283,0.0717261867262403,0.06576655369746559,0.08600742174413722,0.08931407675622942
0.435,0.19336104639980764,0.22236897215320012,0.04034365496292599,0.04462428967417346,0.9988822386398101,0.9765245926501361,1.0591463219901611,1.009277070230602,0.06163190290150501,0.05891961911843957,0.08815009477535,0.08449165391346479
0.44,0.0808715839307896,0.17069045166746766,0.02244669947044659,0.03310893338781657,1.0149972593089003,1.0268378973977028,0.9059775117895364,1.0504980214242883,0.06060470521782434,0.06668999557262704,0.06601259513094623,0.08833606490851449
0.445,0.22852812736678513,0.14105435828272786,0.040614436896772764,0.04332684277994657,1.0041430003999694,1.0614408624204044,1.1150453667673885,0.9424318623919075,0.06401838398444144,0.0645774274576529,0.09440692375002836,0.07007903945529949
0.45,0.11291305891763968,0.17138309010721126,0.031167890790946628,0.08425832143910283,1.0174496339486159,0.9361403644907655,0.9298359040843247,0.979657344119748,0.060531605012978947,0.061004183643796554,0.06542308237177723,0.1150300773149338
0.455,0.18601210866568166,0.3340713954696229,0.03894124342336687,0.03029551172069487,1.0572921970473674,0.969489498318806,1.0987189063578442,1.3102620339045232,0.06556730261041199,0.06370045493134799,0.09423964576652052,0.12075643490351923
0.46,0.07974300310125694,0.2133838520139838,0.030249775888164715,0.04155912813480995,1.0283144331358862,0.9149983483215928,0.9267758516449099,0.9127374601730386,0.06119164557401153,0.05349470738922915,0.06590573577609574,0.07247263876693777
0.465,0.3287020590016017,0.16828173578665595,0.05078052509006707,0.06425573543071302,0.9427668275355119,1.0019306842059925,1.136327933254158,0.9623412096569165,0.06752571337431856,0.0612486352971041,0.13536150826877955,0.08564739134166197
0.47,0.14409517275269657,0.16640315011108628,0.0420328204838932,0.06313024489739649,0.9663882352711165,1.0037899271311577,0.947479711588522,1.0568484331816728,0.05782177240210851,0.055702038043161595,0.07291431595778641,0.09156911626416618
0.475,0.1406835052616946,0.24800051541379303,0.01857936905109833,0.037564756892609436,1.1324366688615446,1.0556061403526937,1.0279839632199217,1.1652426899461574,0.06117247314336051,0.06780193277691786,0.06892262129358667,0.10527503889932598
0.48,0.20319652659459778,0.259164138174714,0.04268674053455045,0.0388063361833374,0.9382544022344037,0.8979704487880082,0.9913309894575946,0.9534244465209178,0.05414519971961614,0.0514122527400437,0.0799465737207729,0.07364801510865446
0.485,0.15518461099563644,0.16214836634465413,0.04088252503849833,0.03302646371980838,1.0034824680290235,0.9929536624449933,0.9392319312848396,1.0354646994402266,0.05178027416236535,0.05833616107068409,0.06485324679239832,0.08276263283287215
0.49,0.23487048642402394,0.1822395922261671,0.050103331499105924,0.044143060369965945,0.9827112387323208,1.0116390058999085,1.0562734031981953,0.992462013777368,0.05949255184302569,0.0624491944731626,0.09409422014038413,0.08129296008249084
0.495,0.23912220640063456,0.07199269262906258,0.054762967824462716,0.013231543311756556,0.9466499053418496,1.0401655528381208,1.025512853976887,0.9852396071472265,0.062262389017021864,0.058900068512739365,0.09824979690615745,0.07207286690306142
0.5,0.30507625170560715,0.3208242143129807,0.0357448845911318,0.05345552153913514,0.958671068257152,0.9949244259033777,1.0876390144500363,1.3986722599875343,0.06092685729089275,0.07556212038421753,0.09672284445289148,0.1697756207483155
0.505,0.24502962587116506,0.17555761769563563,0.05537566632307978,0.04568812694125053,1.0515365221771429,1.1205315134131153,1.0652402423220755,1.1775387590164907,0.0668030001957137,0.07169559854330596,0.09799699871386007,0.09507602201935142
0.51,0.2923349338716477,0.3458192076499957,0.054752526469335046,0.04646421552793862,0.9931191481655661,1.0560017038577691,1.1913475737911619,1.2727156208557107,0.06952295681801254,0.07358548178252734,0.1283296428328929,0.1358882616143146
0.515,0.2992278665698008,0.20576994799716933,0.0665068159658775,0.03703884985104008,1.0079480473473674,1.0165621269084406,1.1995302531047014,1.1054510617251083,0.06620643467841394,0.05928718107606942,0.14493293122507703,0.09142260119161891
0.52,0.2902126976889508,0.32905179654560424,0.07495165577318345,0.05344046891093112,1.0090578110106836,0.9937271286059969,1.2000378349772267,1.381745031441824,0.07439850667928682,0.07516996541481737,0.14883139180690533,0.16316415893379546
0.525,0.15196941450983706,0.262647994932924,0.04499551670357783,0.05393296080343588,0.9635768769678706,0.9669763196112755,0.952682122792117,1.1732689497045086,0.05251168998530968,0.06357268098331476,0.07273251276174196,0.11443874539088371
0.53,0.17141665195190742,0.3451715723817021,0.06171009653326529,0.04734850104568895,0.9826386357999697,0.9263588564587125,0.946564970165596,1.2016119468960405,0.05652541888998815,0.061976817639324354,0.07612845356328862,0.12314711558459802
0.535,0.14550470647058655,0.2611773553609314,0.01907750727188969,0.07906432105204797,0.9676680103599433,0.9932805673954926,0.9644789955082376,1.0678588755780325,0.0454361654482134,0.073143770635692,0.059394853471664184,0.12557277824033133
0.54,0.3411519779943778,0.37605402245499214,0.04493236276908767,0.03730343309912401,0.8813308605332819,0.7973424521883155,1.122135684220356,1.1457035781447233,0.05845327012374161,0.06097098716958443,0.11949306471517628,0.1170825676735963
0.545,0.3305880284230843,0.3049691741048216,0.044963063906792416,0.04536062185025822,0.9865059839764827,0.9864709904292551,1.248865804916089,1.0993187265797968,0.06666769815245543,0.06475625122157479,0.13390070921466565,0.10045727751034682
0.55,0.26392525349097495,0.07378108975535962,0.04703496710585329,0.026758139743050434,0.9834229885774182,1.0337974504545784,1.1267875079663938,1.025332306692039,0.0581800204537209,0.055756029897817666,0.10316700282234552,0.07281081956820745
0.555,0.1858610904148378,0.27500240684491484,0.03592996255192106,0.06197971109802357,1.0431389642477282,1.0002618215550685,1.023701919447673,1.1773948408403576,0.05531483273125378,0.06721938504490946,0.07552224487500653,0.12871437862004742
0.56,0.19730529606952005,0.28977742229911824,0.10564013364546368,0.05579335139044221,0.9887251286321622,1.0426795009293737,1.0140104260189176,1.1972748897826948,0.0731263662325431,0.07379182624726759,0.12428237892100036,0.1136571487192196
0.565,0.13827974645117436,0.2012654107681561,0.06151018754642574,0.07440174693072486,1.0400537855177776,1.0918621291692983,1.0170521342401604,1.0472859485791657,0.057562420888567625,0.06714913925453407,0.08069117919381948,0.09464829408558155
0.57,0.2360545698072482,0.2978537686100479,0.04316345018212736,0.04969462679781868,1.044610214462646,0.8850422946338172,1.0416118981915552,1.0452847042990132,0.05690521217824652,0.05047354754380682,0.07877767047209944,0.10453405371063434
0.575,0.2793170142631151,0.39078737135668273,0.03716490132019028,0.047627685172717524,1.0350287336020572,0.8584118913647696,1.0515243044452283,1.2898291424475798,0.05677541796988396,0.06271267682093123,0.08357929422967547,0.14916309730796012
0.58,0.3467508627974842,0.36406893739108137,0.04599686545422012,0.05683411041824639,0.874687395708208,0.9295266114883135,1.2027792759297864,1.3072964464207852,0.060561725239309076,0.0683706542509266,0.12599597625058082,0.15125991333398472
0.585,0.2321883200309017,0.3328996706599558,0.05543099284734046,0.06184400459434688,0.9270976193331245,0.9375636137577844,0.9412732020769953,1.1364159911904168,0.05367087282565038,0.07012106352143267,0.08248555563188788,0.12010059147006098
0.59,0.17612267589946273,0.21406897219265206,0.038266748642234054,0.052366587411634816,1.0126370360301198,1.0163233587574565,0.9256604559398274,1.0016438597230197,0.053141891536238633,0.056453299411213104,0.06590236565249735,0.0825362841764566
0.595,0.2869490667976609,0.36737344459304344,0.03668087286948534,0.052285010149599215,1.015909942569566,0.9810255627979434,1.1485131574239882,1.2703268093187918,0.05870903801265563,0.0742841267878923,0.09283037783666878,0.14798777518347117
0.6,0.17188813189417784,0.36790952062741494,0.04828072050553569,0.044559594106819915,1.038142867693179,0.9305415680416459,1.0708455843918865,1.2084300486904846,0.06035016820457629,0.06287268971583972,0.08103796848435235,0.11409876903685663
0.605,0.3886226169896831,0.3345336137970966,0.04059226096345354,0.055526724429098145,0.8382930235559611,0.9379849398771624,1.182850492235342,1.1596711278727916,0.057619980864355824,0.06614310081612935,0.12244634661234581,0.12012008196309988
0.61,0.20218481952031012,0.33547486348597555,0.04498439246717423,0.05344572501290015,1.1087565173364518,0.9232239913828496,1.072215132415478,1.1885324259767232,0.06456451937013691,0.062004654078564495,0.08258962974444325,0.126373371065984
0.615,0.10450057809061414,0.37117672290903275,0.026131061554441302,0.03672088843245236,1.0410288233429847,1.0149715655492333,1.0319636625830597,1.3597246337131688,0.05784221538782797,0.07392153136931781,0.072535498093631,0.12381048397390924
0.62,0.24209498462730233,0.39600156781031065,0.07048697660653674,0.04801517880782765,1.0607917835046201,0.8651365248121516,1.120262878583731,1.1620535745105054,0.06888466050872016,0.062417892856810896,0.10734792684362837,0.1234248163946161
0.625,0.45008196009075585,0.3876437133925397,0.0327034067309789,0.038959841737361486,0.7809384579347175,0.8329233469835502,1.2821160343271374,1.1172936927390738,0.0547112127522831,0.05850619823343759,0.13692351616452927,0.10234603563804077
0.63,0.34275313422765463,0.19830035587143785,0.03950800759000307,0.07712930091932435,0.9130070270547751,1.0838514126015795,1.223288777783786,1.1715614088844197,0.05840200649797967,0.06850904354580586,0.10671159896316842,0.11202644653054086
0.635,0.16717141584022524,0.2719151024175847,0.06440765371358952,0.04770205560945296,1.0353182828087337,0.9588341937782224,1.0067242772243308,1.0513877587514402,0.0516842592235854,0.055012915811222515,0.07391188977688501,0.09184327168081033
0.64,0.27255438879400495,0.10344629150810104,0.055177593332510134,0.017753506602387115,0.9955099257217406,1.0011716253397194,1.0973188950345554,0.9589841504719719,0.0601463591654142,0.04560667068835462,0.09174121124904885,0.05934563245692386
0.645,0.438769286859286,0.13673356628994038,0.03520186359523157,0.027859831855046514,0.882665417293502,1.0778150512503188,1.2478894563011578,1.0424406235932384,0.05825154937313792,0.0539777085655777,0.13167477795232807,0.07343429088364055
0.65,0.3496419591959737,0.38566100042745993,0.050415320419515026,0.05381839544205517,0.8877969173794018,0.8138931710230644,1.1408186919272063,1.0934940505130926,0.05922703641502738,0.062017281618911894,0.10281423776473048,0.1231283788820129
0.655,0.41891167309330274,0.34463965427887033,0.03284092705524686,0.05787762093948249,0.7963403914959652,0.9092647307147118,1.165465563212282,1.1659966384563651,0.04863981379532887,0.06280707713484739,0.11421477220619448,0.1255848915857864
0.66,0.2598745902829662,0.2504482184466288,0.04676492083507024,0.08251819463240222,0.9763878764843447,0.901094412837941,1.1225501896205545,1.0661225307867068,0.05582158255544396,0.0649357755709407,0.09261450284847958,0.11216227028165794
0.665,0.32855522505970924,0.3652628678478206,0.04529040434390136,0.06214104679162784,0.9535644648448439,0.9567804990413246,1.2694641439106127,1.110040045109826,0.06220390792648659,0.062015888314170785,0.1253616026644268,0.11835503888609285
0.67,0.28318883241041704,0.25690628791528425,0.053901783695708784,0.07439469669896556,1.012297835155433,0.9701870262149971,1.2230378215905984,1.1498015352987816,0.06239715740511704,0.06366373604707509,0.10470307343268652,0.12008379104959338
0.675,0.4207540250278315,0.18845554130732084,0.038745853731806494,0.06533154833095621,0.8837191090818235,1.0231346135212604,1.1754849726081977,1.0216525232079368,0.061085076335079674,0.055911662281686904,0.11646953837638194,0.0765982160907728
0.68,0.3474860575815629,0.35085481146160036,0.055439454310031694,0.06255252100694964,0.8816292953828166,0.904055151296394,1.1518734900808998,1.1289372947328349,0.05983666123891609,0.06623179269372412,0.12406595750934675,0.12703318448547882
0.685,0.13165883866636846,0.17714201396497828,0.04215191778876215,0.07418382757642805,1.0347258406226654,1.0345938795681875,0.860066392032901,0.9976714694994877,0.05065137764424702,0.056968698331703024,0.05859736384979631,0.07362873429668351
0.69,0.26333857511206826,0.40503177687823966,0.0662483259637151,0.03566586251366321,0.8676186158726381,0.8860878451908738,1.0189545197987646,1.3898584286921873,0.06062713338659861,0.05865300447832738,0.09941525013151538,0.14601586106547682
0.695,0.3830481807677807,0.30883683547057644,0.07293619570076312,0.04401925689533086,0.7883734557535652,0.9656447895903861,1.0021645543870858,1.175321575948076,0.06770671863532123,0.06061604977692502,0.126014695239846,0.10574392859353408
0.7,0.3002698584622755,0.38399442757864805,0.05717048206752887,0.07366895291180739,0.982998593563651,0.9517422240368164,1.1170833967991727,1.2692651621085014,0.06459999330369434,0.07901243399189302,0.09560536392939194,0.16413896837010508
0.705,0.4194368904361569,0.3834082202410862,0.044493993327417804,0.0406930713225456,0.870122533113881,0.8921707816969822,1.1579059800748042,1.20409848671162,0.06127764299812484,0.05430124018269734,0.1196098344130826,0.09990831436194827
0.71,0.3826028799673652,0.3553505816504529,0.05948245034925526,0.06026666801285767,0.8956978533298208,0.8188903827184392,1.2053868237679162,1.0676440013220245,0.06599913840700651,0.05866731954124547,0.13542222773411483,0.11800489167127835
0.715,0.36149797243643644,0.26939042272714336,0.03532440116936729,0.05091284642291145,0.9241157835687884,0.9245027727356171,1.2356311141873553,0.9714144263363104,0.04113770016933461,0.054272987274221855,0.10537212127211369,0.07733819101139078
0.72,0.27232779842977295,0.33518801257287706,0.05337982026774416,0.0460416950035183,0.9328396001644162,0.9485791793330659,1.0358795767507658,1.188112240925359,0.055248862354848646,0.055961961318556595,0.08397314297025973,0.10435501485724745
0.725,0.39966293913297796,0.30313465353958163,0.03516577669504699,0.07445814649297931,0.9289951057597295,0.9278593702984903,1.1476049296596225,1.0300134195457151,0.057233381972882566,0.06796591176484394,0.10758918635548141,0.1040029434056941
0.73,0.323255628721522,0.3393309756681003,0.056030759274094746,0.07229088457887933,0.9885980891616973,0.8390506263297356,1.1937252540125856,0.983198394807065,0.07090287222078699,0.064343824972318,0.10773381306097281,0.10279532915309025
0.735,0.3728320188004748,0.42482283691038125,0.053534669106045076,0.030495603863428967,0.8950675066414114,0.9570067609465802,1.2016145859399041,1.3363044168892848,0.060145116385707784,0.05702337653378066,0.11694598836458604,0.12130671433440332
0.74,0.4324000811908141,0.41030774906829537,0.028149314109499318,0.044873890293700654,0.842454318612104,0.8410855111198111,1.2917412131228314,1.1568103215070191,0.0541550826707638,0.05821962303937136,0.11690844670378969,0.11115237073199825
0.745,0.1850185053055888,0.43422640980407484,0.03745234403221164,0.02953106566960384,1.0246243475805754,0.8799771015885517,1.076033889818928,1.2384782531671332,0.051139325137160074,0.052010620399228026,0.07492543504880486,0.09988495084632708
0.75,0.32121350587769526,0.2658288007906308,0.04772744913291651,0.07348790912120015,0.896589195553205,0.9399463164862487,1.0912987992846654,0.9920020090648498,0.053865671867619834,0.0640166662654217,0.09490339562563659,0.0901309905082812
0.755,0.41270117853312127,0.2613765017508821,0.041740943087484786,0.05607400646735296,0.8657492729630104,0.9350790467085195,1.4714740763929663,0.9961556328891316,0.06957971457186074,0.05580438724802556,0.14318186828074647,0.0839499606533864
0.76,0.2537586965276053,0.4112582976993218,0.06117084053802377,0.03339292955869743,0.9739660260461015,0.8776415449752467,1.1275736832939969,1.1990052814438472,0.05646475251341302,0.061703535263444735,0.09089567436297079,0.1062648141001749
0.765,0.18704044070830664,0.4248076519469139,0.046249708047107194,0.03932476749523773,1.0840873749379911,0.8537444815711691,1.0877095943228483,1.3728784381797081,0.056852938718116725,0.05776682144106871,0.076256869185294,0.1436976680336491
0.77,0.44701606081824324,0.1826352881761431,0.027480225531685974,0.03277510909392183,0.8354090713112958,0.968032841952437,1.3057954184480094,1.0081689070520483,0.05462415662290766,0.04584008299191893,0.1236048258183011,0.06718941231357534
0.775,0.3108261643111247,0.313211632929483,0.07480891219624797,0.05741098463605296,0.932514952935672,0.9276241643495978,1.1636951338766053,1.1334517273322737,0.06578789115592609,0.061275600259814225,0.11847147274725764,0.10235258073398933
0.78,0.39144422159904785,0.1568260804207588,0.04239650078746835,0.045524737664779026,0.8396062945440237,1.0064173826595555,0.9506384877572953,1.0238120195616753,0.04961512468060365,0.04833309775742246,0.07812519701012503,0.07170188408072696
0.785,0.3925847031606838,0.39378472900283285,0.04421257232979822,0.045030325874847656,0.8541846231144811,0.8380850945046322,1.087639176607633,1.166477427404372,0.04797228570990013,0.05486753424920394,0.12034607791143766,0.11516581653518121
0.79,0.26504160803841326,0.28233705447398444,0.06342457968462312,0.07969521441539563,1.0511915069148863,0.8797297692238053,1.0935254899005122,1.0775854182770297,0.06349475503467825,0.06820880697859143,0.09135642459487758,0.12250063857021723
0.795,0.16599873055128636,0.19133440776562036,0.042180639529849864,0.028221018906154804,0.9415978384884466,0.9657789836895629,0.9244000910825594,1.0145807264335727,0.04526358548805427,0.03529931899456342,0.0673552410131254,0.0664121512135338
0.8,0.36828387704694726,0.3467728649431904,0.06421657360398152,0.0671452757194831,0.94760087083326,0.9855388405543459,1.21988158337908,1.2189629298445004,0.06863294128472362,0.06954786146306022,0.1209143541248842,0.12489879125124413
0.805,0.4007771736738757,0.318487463167588,0.04959433293060155,0.05984919442300118,0.940402097684585,0.9899445906175197,1.1073509313868104,1.233990896836951,0.06161248774649634,0.06743441821283999,0.09230652854147696,0.11426252771344875
0.81,0.14246766762570925,0.38202000211636516,0.05454080392101583,0.0428233649393464,1.0826797621720174,0.9750020019521272,1.0472978937760449,1.1723264974837133,0.05618338673794943,0.061657355628275234,0.0712283373373028,0.10085377540523308
0.815,0.3213020724027866,0.3965214085374712,0.07977376291766208,0.03949321891013726,0.9206688680559139,0.8686798724012551,1.1820333824028608,1.195429353052014,0.06737394643473062,0.05235461340416445,0.12677868803615497,0.10509373072898542
0.82,0.27286484184535137,0.3533091499273106,0.06379549636659473,0.054141180141696575,1.0281527965146007,0.9857875043933282,1.0534550675933216,1.1597594027275673,0.06055451892996143,0.06385228790186243,0.08823755342112959,0.10245028151272707
0.825,0.2716202257721642,0.27698483402002866,0.03384661897027353,0.06022136412632683,0.963947053723161,0.9721327763085574,0.9391414543251909,1.12072629376602,0.047603220401603794,0.06121169110923248,0.06847247918171129,0.09691613465166073
0.83,0.33147966722811434,0.3117223212716213,0.0660020048071695,0.049226811788473386,0.9518219185284531,0.8772020500206107,1.0095695688239734,0.991997785290232,0.06486453114513245,0.05191445925563893,0.09556008980942796,0.07543808152141686
0.835,0.24342784876706156,0.444489587084535,0.10238788429501162,0.02790606939617237,1.056773386230739,0.852192080670399,1.093802308090249,1.2820719105432454,0.07832442492702277,0.05290121037830639,0.09802602814004009,0.11430822991650501
0.84,0.3590820244458717,0.40195031220909255,0.0398935366239761,0.045493138258081794,0.9806878632443887,0.9542026563074544,1.3121886590360574,1.2000032474403042,0.06378123080930899,0.06526939440337651,0.12343029999891171,0.11450952554969666
0.845,0.4572734817290017,0.23977830451094267,0.023611960563447984,0.030337425132468235,0.8424799306633522,0.972927051832426,1.3146355007548514,1.0580574087119332,0.05205029143354964,0.04721966851835489,0.10773908167128686,0.07308768251129219
0.85,0.35573826602346253,0.45141917697703626,0.04414358896429935,0.029099432549244856,0.9352843715582266,0.8564225260209757,1.0286668275829742,1.248160713246856,0.05504262468082534,0.05547957710567167,0.08690573752333354,0.11196065567144908
0.855,0.35284528494382816,0.21297639685347391,0.07526381289848477,0.06554219358775289,0.9743404345403425,1.0221772510122353,1.2323908355497757,1.0644050635459632,0.07453990180326762,0.056881106551829895,0.1349437070756673,0.08263240561544376
0.86,0.32963550302344796,0.30748646296453497,0.08354548866772822,0.07281559609524925,0.9637631863764404,0.8891957191501203,1.1047002466580655,1.0575944503643755,0.0713402157135163,0.06346866396243478,0.11108968362497529,0.10485713053006596
0.865,0.4319748376035312,0.2684636331093752,0.03466983893292047,0.08927418011092059,0.871553822331945,0.888983833115306,1.0699870380550622,0.9296226862271044,0.046434162218323534,0.0652960537669644,0.0906238299529759,0.09018684906874541
0.87,0.4516115830974766,0.4316670334753779,0.029238717923375394,0.034531344462171876,0.8351135512378585,0.822349900816989,1.364768633073925,1.123564130919167,0.053751307055366106,0.04977127057722972,0.12469513841973989,0.09651424100755895
0.875,0.21281699420387817,0.23146942289709696,0.06892277265533911,0.04263949830786455,0.9434779082799801,1.054583273038398,0.9608927918546456,1.1644116083152816,0.05551924795941984,0.055213275808821904,0.07693758654612533,0.08520455617911249
0.88,0.42132938312609175,0.35365951747907237,0.042606664304592395,0.07757868327278705,0.8712141207226649,0.9167370824589761,1.1575836924170844,1.1284202667567365,0.056596344542242764,0.06901461204515502,0.10814375299469989,0.11336811591437874
0.885,0.40517089420659824,0.38496827220447977,0.0389165999719435,0.033431140242159416,0.8321439687424756,0.8998577161532595,1.3062080285761493,1.1543628865020035,0.0518708334898204,0.047694460959675514,0.11920012691910337,0.08146613254135428
0.89,0.44361191848193077,0.19758098391025958,0.045966170081910895,0.047014567365830776,0.8339965710996081,0.9581397341697555,1.3466064261138007,1.0361779878810908,0.06018545696628034,0.048879418290670114,0.13355790000403003,0.07413016689726735
0.895,0.33875940033704727,0.40944795335761813,0.07965334170496802,0.026285902461964546,0.929525080015717,0.9029668759125313,1.1234484753070646,1.2581532255392598,0.07049789382158492,0.04651028999843185,0.1102602614642449,0.10125867422672853
0.9,0.4288455910968551,0.27857681278154284,0.04458572651459366,0.08352607488563062,0.8427213693356368,1.023463734877196,1.0046774792227289,1.113464322313849,0.050967477337586845,0.06979494320586052,0.08597718743530107,0.09751593513548072
0.905,0.347407520712295,0.358552474365745,0.07607536573644155,0.05038617043845718,0.9206866331562333,0.9321125074503975,1.168365080901151,1.1179696100027576,0.06948708624317422,0.06307536877676587,0.11216196666630869,0.0980199464564373
0.91,0.42493469394594574,0.46423800545347643,0.041522971055077025,0.02225821117587933,0.8849632336550867,0.85504456968737,1.0563236489807235,1.223137969602822,0.05760221030239511,0.05070249496866673,0.08785005261721045,0.10313323713549685
0.915,0.36376980616963833,0.23864083467187877,0.06620867500775453,0.05480896098779586,0.9265539087944589,0.9566347510677912,1.1115766773327762,1.0895118463620108,0.06412416983658549,0.05055302542979494,0.10654442698544316,0.08165336340172262
0.92,0.3985118812752395,0.4435683923040201,0.04069022708549209,0.034939200596955,0.8645004740433637,0.9131551517056433,1.0379462905153627,1.4186547298681753,0.04990699012826535,0.05756476674098004,0.09070002187957646,0.12083859801414983
0.925,0.46172964120082705,0.43980222314764883,0.021701036984073916,0.03497884174751899,0.8089788817448643,0.7572129467347164,1.3425333567929716,1.0900889779064344,0.0459653004044403,0.04693170276766958,0.10842140865172363,0.10358288992897949
0.93,0.42589953865257185,0.4244762223917578,0.031603957886102686,0.030167027407506656,0.8256405090005325,0.8388581337091459,1.291349345558749,1.055544128622628,0.06098199453392125,0.04088194266094976,0.11395998355229586,0.09189671472566306
0.935,0.19632147104632455,0.4270523402557492,0.03318838569426254,0.03841942515828593,0.9937757209592244,0.9255523977414435,1.0315043770935288,1.2625840147614054,0.048799310466146766,0.061103458387759414,0.07568749460852944,0.10121117642217749
0.94,0.22770868905700062,0.43582087945345094,0.051392661850840106,0.0332697509922135,0.9824105565529704,0.8557087302850004,1.0487735794148683,1.189781946885924,0.04820141145234545,0.06290570188819965,0.07197383151926853,0.10892111648292993
0.945,0.41042797494606315,0.36718605040163704,0.03489496894949507,0.03921261345756004,0.8445054476256639,0.9439166344869819,1.199184218985205,1.1801093978638209,0.06035530786344405,0.052067881487018824,0.1049037323784518,0.09385315010779595
0.95,0.3370577592599481,0.23033631530923454,0.0794870659042846,0.07435922755535034,0.9541688730980287,0.9857032556380736,1.1101560157034929,1.0475474390112127,0.06990363463057198,0.059695068606922155,0.10724960677660038,0.08121380317855323
0.955,0.34614224275456584,0.40607068427443194,0.008009937069410661,0.04470778732048577,1.0645281123028447,0.8793695851318524,1.2932742521866645,1.2148332289329686,0.046924094854021395,0.05821403241057923,0.051152864849202284,0.10211967230313293
0.96,0.35308183725426734,0.3457915493867608,0.0782664436515165,0.05892096346188699,0.9356760163563361,0.9666972667401473,1.310835505827486,1.1610202061924908,0.07367495566454046,0.062452006634712724,0.13717082497041358,0.09009077754890286
0.965,0.45294375231176665,0.4179727152843098,0.030793324600889606,0.02191738463079128,0.8802324508173295,0.8345775911342928,1.3689746628271384,0.9878874349858634,0.058676040211642445,0.03420559613647184,0.11982082357763993,0.065906748138586
0.97,0.41868279487653404,0.42948624236263677,0.03915232461948688,0.03169549963142602,0.898839635069258,0.827378048146759,1.1123483426517788,1.2041979298632008,0.050787972570505616,0.05316345614553825,0.10101001324080355,0.10070846089024134
0.975,0.42628116279213074,0.27844467319258515,0.03310234586452231,0.0786262347013274,0.8625890417752423,0.9593042379436552,1.3322030242459337,0.9813176849408566,0.04152650893121306,0.06274000604816396,0.1096709273454385,0.08280388545083706
0.98,0.3495032880235377,0.4148959912992064,0.07998702703379351,0.042062465943790955,0.8698629368154488,0.830046092787885,1.232460269117348,1.2632173099766213,0.07053282083153607,0.05527084618800902,0.14187432519695709,0.11115933707659878
0.985,0.35162274089725903,0.26792395288728765,0.07905916312023108,0.09054969493283846,0.9079247384073392,0.9359883037589719,1.0834041719003824,0.9677680303238975,0.07129194660130077,0.06472938521065966,0.10650776233525246,0.08269037906568688
0.99,0.3428107296700994,0.32756624289870956,0.06835994446481046,0.043420855827368834,0.9622681156577219,0.8936517611138363,1.0949092510535658,1.119229802436467,0.06415909492666692,0.0473202371614376,0.09985960502456419,0.09039291447202498
0.995,0.39417034383046723,0.44488618919674994,0.05649712821138835,0.037313874415700464,0.924106367088663,0.7844830833515147,1.2784586658114028,1.1588367226697294,0.0650216834940451,0.051251487764015724,0.12216899906839675,0.10840296362687304
1.0,0.2669656074636982,0.14756042344848108,0.08360234774432213,0.04104372610944752,0.9808110964165353,1.0208650962298995,1.096566557496526,1.1242067212558775,0.06574858470752666,0.04708044164629712,0.0959220108614364,0.07789539811798239
